0 0
4.6459 1
5.7495 0
7.0188 1
7.7753 0
7.9086 1
8.381 2
8.5531 3
9.3038 2
9.5066 3
10.3745 2
11.0253 3
11.4697 2
11.4994 3
12.2391 2
13.9283 1
14.0483 0
14.925 1
14.9415 0
16.3587 1
18.007 0
24.2552 1
24.5691 2
24.7107 1
25.1758 0
26.4786 1
27.1339 0
31.8891 1
31.9548 2
32.0029 3
33.0434 4
34.4831 3
35.2045 4
35.5738 5
36.019 4
37.0079 3
37.0448 2
37.642 3
38.8446 4
39.0356 3
39.416 2
39.6042 1
40.0371 2
40.8424 3
40.8746 4
40.9575 3
41.1398 2
41.8991 3
42.9926 4
43.1213 5
43.2276 6
43.9752 5
44.7854 4
45.2372 5
45.4913 4
45.5545 3
45.7164 2
45.7975 1
45.9364 0
47.8241 1
48.9603 0
51.4466 1
51.7967 2
52.2112 3
52.6497 2
53.1191 3
54.1047 2
54.2053 1
54.2857 0
55.8743 1
55.9695 2
57.8797 3
58.0752 4
58.4494 5
58.9569 4
59.5429 5
59.9746 6
60.1128 5
60.265 4
61.2049 5
61.3725 6
61.4577 7
61.7049 8
62.1999 7
62.659 6
63.2192 5
63.6884 4
63.8974 3
64.0394 2
64.733 3
65.6094 2
65.7831 3
65.9574 2
66.0418 3
66.109 2
66.1619 3
66.2393 4
66.9443 3
67.0355 2
67.3651 1
68.571 0
68.6692 1
69.605 0
70.4319 1
70.5822 0
70.6256 1
70.6429 0
74.6875 1
75.9297 0
76.737 1
76.9796 0
83.0748 1
83.0934 0
85.0631 1
85.6802 0
88.0804 1
88.2335 0
89.1095 1
89.2448 0
89.3034 1
89.9443 0
91.9496 1
92.4345 0
97.7571 1
97.8728 2
99.3566 3
99.6698 2
100.6269 3
100.6771 2
100.9542 1
101.609 0
103.6908 1
104.3464 0
105.851 1
107.3251 2
108.8211 1
108.8844 0
108.9373 1
108.9738 0
112.1103 1
112.3193 0
113.3348 1
113.4871 0
115.7604 1
116.0299 0
119.4902 1
119.5373 2
119.6308 3
120.206 4
120.7217 5
120.7484 4
122.1781 5
122.3308 6
122.7709 5
123.7301 6
124.1357 5
124.1842 6
124.6365 5
124.8244 4
124.9719 3
124.9901 2
126.0341 1
126.174 0
127.5899 1
128.1467 2
128.4922 1
128.5013 2
129.3051 1
129.3909 2
130.1223 3
130.4101 4
130.5415 3
130.6451 2
132.3601 3
133.5599 4
133.6399 3
133.6424 4
134.2348 3
134.5973 2
134.9769 3
135.0314 2
135.197 1
135.4883 2
135.5127 1
136.0671 2
136.2335 3
136.639 4
136.7385 3
137.1628 2
137.527 1
138.8148 2
140.3813 3
140.6664 2
141.0289 3
141.6131 4
141.8199 3
141.9222 2
142.0307 1
142.1309 2
142.4579 3
142.5643 4
142.9336 3
144.1806 4
144.2204 5
144.8708 4
145.3699 5
145.5163 4
145.826 3
146.2727 4
146.7062 5
146.753 6
147.236 5
147.3377 6
148.0263 5
149.8685 6
149.9714 7
151.3314 8
152.2926 9
152.466 10
152.5157 11
152.6106 10
152.8738 11
153.8835 10
155.1986 11
155.2561 12
155.5818 11
156.1383 10
157.1869 9
157.2813 8
157.7615 7
158.2387 8
158.8169 7
158.9543 6
158.9598 7
159.6313 8
159.6752 7
159.7761 8
159.983 9
160.1423 8
160.6056 9
161.5613 10
161.9896 11
162.1802 12
162.9888 11
163.2126 10
163.4127 9
165.7326 10
166.4615 9
167.133 8
167.3384 7
167.45 8
168.1808 7
168.3199 8
168.8338 7
169.4447 6
169.5653 7
171.819 6
172.2169 7
173.966 8
174.0739 7
174.2044 8
174.2322 7
174.6609 8
174.7532 7
174.8091 8
174.9294 9
175.0959 8
175.3129 7
176.1467 8
176.3942 9
176.6563 10
176.793 11
176.8442 10
177.8493 9
178.2125 10
178.8718 9
179.7255 8
180.0773 9
180.0933 8
180.4412 9
181.2185 8
181.2996 9
181.9246 10
182.5929 9
182.6223 8
183.3128 9
183.7182 10
183.8458 11
184.6265 10
185.3322 9
185.7338 10
186.3207 9
186.7729 10
186.8361 9
187.0806 8
187.5636 7
187.6462 8
187.9887 9
188.1885 10
188.333 9
188.6831 8
191.2299 9
191.8122 8
192.2027 7
192.609 8
192.8601 9
194.5631 8
194.7129 7
195.1816 6
195.4069 5
196.9488 6
197.4757 5
197.9352 4
198.1892 5
198.3268 4
198.7747 3
199.2596 4
199.6626 5
199.7244 4
199.9198 5
200.6001 4
201.1914 5
201.8177 4
202.0615 3
202.2697 4
202.3505 3
202.9897 4
203.1388 5
203.3268 4
203.7652 5
203.9388 4
204.0312 3
205.1772 4
205.8838 3
206.0118 2
206.2843 3
207.6412 2
208.041 1
208.832 2
208.8881 3
209.1306 2
209.8878 3
209.9524 2
210.4159 3
211.2656 2
211.4639 3
211.6846 4
212.0787 3
212.2868 4
212.9631 3
213.0053 2
213.8249 3
213.8688 4
214.041 3
214.0996 4
214.4661 5
214.534 4
214.583 3
214.6607 2
214.7198 3
214.8425 2
215.3592 1
215.655 0
217.2393 1
217.5121 0
220.4103 1
220.6722 0
224.8042 1
224.8839 2
224.9505 1
224.9668 0
228.2918 1
228.6522 2
229.4479 3
229.4704 2
229.5521 1
230.2726 0
236.911 1
237.8666 2
238.1442 1
238.2308 2
239.1703 3
239.6976 2
239.7614 1
240.2287 0
240.6827 1
241.1188 0
245.0449 1
246.3618 2
246.3798 1
246.5924 0
250.6322 1
251.3819 2
252.2863 3
253.1458 4
254.0218 5
254.4895 4
255.7837 3
255.9158 4
256.4035 3
256.8731 4
256.9465 5
257.2146 4
257.3297 5
257.6608 4
257.9521 3
258.1014 2
258.2078 1
258.5872 2
259.2142 1
259.5623 2
259.8052 1
261.1505 0
261.5207 1
262.0289 2
262.0943 1
262.3405 0
265.4746 1
266.7116 2
268.4391 1
268.5297 2
269.8545 3
269.8913 2
271.0711 1
271.3361 0
271.714 1
271.8553 0
272.8208 1
273.0949 0
273.5545 1
273.7746 2
274.4052 1
274.5124 2
274.5876 1
274.9576 0
276.2377 1
276.3189 2
276.488 3
276.6668 4
276.7544 5
278.0867 6
278.1291 7
278.4135 8
278.8016 7
279.2848 6
280.6201 7
280.8993 8
280.9492 9
281.1387 8
281.2985 7
282.0111 6
282.169 7
282.9154 6
283.1781 7
284.1476 8
284.6556 7
285.039 8
285.4614 9
285.6298 10
286.016 11
286.1072 12
286.1973 11
287.0853 10
287.8357 9
288.1843 8
288.6072 7
290.3334 6
290.5145 7
290.675 8
291.1142 9
291.4 10
291.473 11
292.1606 10
292.3424 11
292.5018 10
293.2491 11
293.2875 10
293.3866 9
293.5519 8
293.724 7
293.8222 8
295.0475 7
295.3367 6
296.4529 7
296.5876 6
297.0239 7
297.1186 6
297.3311 5
297.458 6
297.6021 7
297.955 6
298.536 5
299.0072 4
299.2619 5
300.0306 6
300.1351 7
300.3359 6
300.8972 5
301.5436 4
301.6326 5
301.7394 4
302.2671 3
302.3536 4
302.3553 3
302.5135 2
303.477 3
304.8053 4
306.9193 3
307.1318 2
307.4218 1
307.4397 2
307.8104 1
308.2687 0
308.5046 1
309.6071 2
310.4926 1
311.7065 0
313.6475 1
314.2314 2
314.8197 3
314.8481 2
315.9185 1
316.2109 2
316.684 1
316.7899 2
316.9521 1
317.0367 0
317.6562 1
318.539 2
319.3539 1
319.3694 2
319.3999 3
319.526 2
320.0099 1
320.1303 2
320.494 1
321.5725 0
326.011 1
326.1384 2
326.3881 3
326.8339 2
327.3061 3
327.4112 2
327.9705 1
328.8774 0
330.0369 1
330.5818 2
330.7744 3
331.0339 4
331.2702 3
332.2229 2
332.9534 1
333.5024 2
333.594 3
333.7088 2
334.7239 1
335.0067 2
335.7027 1
336.0089 0
337.0784 1
337.3371 2
337.6461 3
338.2038 2
338.2995 1
338.4133 0
339.1956 1
340.2175 0
347.8515 1
348.7657 2
349.2114 1
349.6388 2
349.7439 1
350.1292 2
350.2562 1
350.3148 2
350.4945 1
350.5206 0
350.5303 1
351.1151 2
351.3217 3
351.5274 2
351.8934 1
352.0858 0
352.3845 1
352.5842 0
354.5265 1
354.9778 0
359.2662 1
359.7802 0
359.787 1
359.8956 2
360.3249 1
360.5996 2
360.8145 1
360.8635 0
361.2387 1
361.3486 0
362.4632 1
364.1486 2
364.2595 1
364.7674 2
364.9509 1
365.344 2
365.7948 1
366.4158 2
366.5679 1
366.9944 2
367.1908 3
367.4452 2
367.4814 3
368.6024 2
370.7452 3
371.4531 2
371.5359 3
371.5756 4
371.8366 3
371.8783 4
372.0503 3
372.4421 4
373.2987 3
374.0789 2
374.8406 1
375.916 2
375.9459 3
377.4688 2
378.4114 3
379.0826 4
380.0444 5
380.1755 4
380.5513 3
380.9104 4
381.2629 3
381.431 4
385.541 5
386.7532 6
386.7945 7
387.8317 8
387.8757 7
388.0476 6
388.1527 5
388.5887 6
388.9098 7
388.9828 6
389.4873 7
389.8182 8
389.8532 7
390.5435 8
390.8887 7
391.0492 6
391.4964 5
391.6163 4
392.0929 3
393.7858 4
393.8018 3
393.8455 2
394.3398 3
394.487 4
394.6778 3
394.6954 4
394.8978 3
395.1877 4
395.5077 5
395.7739 4
396.1114 3
396.4042 2
396.7704 1
397.5666 0
397.5752 1
398.3603 2
399.0659 3
399.1792 4
399.7718 3
400.1967 4
400.5995 3
400.7501 2
400.9319 3
401.3763 2
401.7193 1
401.7978 0
402.1671 1
402.3432 0
403.2436 1
404.3837 0
407.3211 1
407.6204 2
408.6462 1
410.6311 2
411.7562 1
413.6425 0
413.7157 1
414.2083 0
425.9924 1
426.1882 2
426.2809 3
427.2203 2
427.8506 1
428.4437 0
428.689 1
429.9949 0
430.9414 1
431.0581 2
431.7404 3
432.1908 4
432.2841 3
432.5662 2
433.2794 3
433.4897 4
433.5534 3
433.5849 2
433.6249 1
433.8303 0
435.0593 1
435.4735 0
442.9018 1
443.0126 2
443.2327 1
444.0016 0
447.2195 1
447.2753 2
447.3402 1
447.3532 0
454.774 1
455.5611 0
455.575 1
455.7787 0
458.0769 1
458.139 2
458.8422 1
459.3338 0
461.6021 1
461.6907 0
462.4081 1
462.4108 0
463.5785 1
463.5851 2
463.9585 3
464.8349 4
465.0491 3
465.9986 4
466.3055 5
467.0858 4
467.176 5
468.1375 4
468.2105 3
468.912 2
469.9145 1
470.2847 0
470.5011 1
470.543 0
470.6841 1
470.734 2
471.8269 1
471.9572 2
472.6461 1
472.7845 0
474.0098 1
474.1936 0
474.2223 1
474.5002 0
474.6295 1
475.3463 0
478.4336 1
478.7268 2
479.3514 3
480.1472 2
480.346 1
480.693 2
480.8838 3
481.9552 2
482.1777 3
482.4989 2
483.1257 3
483.2021 2
483.6323 1
483.7796 0
484.0429 1
484.2719 2
484.3684 3
484.4954 4
485.089 5
485.3091 6
485.7298 7
486.9127 8
487.1398 7
487.4946 6
488.497 5
488.9265 6
489.0096 7
489.8331 8
489.9464 9
490.4159 10
490.438 9
490.7964 10
491.0321 11
491.1163 12
491.345 11
491.4496 12
491.7973 13
492.034 14
492.8427 15
493.058 16
493.2333 15
493.9004 16
493.9222 15
494.0853 16
494.4246 15
494.8952 16
494.962 15
495.2131 16
495.4785 17
496.1979 16
496.4763 15
496.5969 14
496.5996 15
497.0345 16
497.1784 15
497.3727 16
497.5328 17
498.2203 16
498.2556 15
499.0286 16
499.0498 17
499.0867 18
499.2801 17
499.6333 16
499.7865 17
500.6836 16
500.7323 15
501.2799 14
501.479 15
502.072 14
502.9935 15
503.2988 16
503.821 15
503.8966 14
503.9538 13
504.2798 12
505.6918 13
506.0702 12
507.2241 11
507.3824 12
507.6203 11
509.2411 10
510.088 9
510.2852 10
510.2866 11
510.4183 12
510.9048 11
512.168 12
512.47 13
512.771 12
513.1083 11
513.1928 12
513.2921 11
513.485 12
513.8821 11
515.405 12
515.4556 11
516.1647 12
516.5622 11
516.7635 10
517.2386 11
517.6562 10
517.6754 11
517.79 10
520.2912 11
520.5647 10
520.9229 11
521.3616 12
521.5011 13
521.7344 12
521.929 11
522.4681 10
522.6476 11
524.0319 12
524.3978 13
526.2964 12
526.6361 11
526.9577 10
527.3161 9
527.5928 8
527.718 9
527.9412 8
528.2903 9
528.4485 8
528.5715 7
529.2269 8
529.4291 9
530.7817 8
531.284 7
532.427 6
532.5529 5
532.9867 4
533.071 5
534.771 4
535.1917 3
535.4204 4
535.5623 3
535.7215 2
537.1395 3
537.1499 4
537.9936 5
538.2152 4
538.4881 3
539.4184 4
539.8798 5
539.8802 4
539.8816 3
541.1214 4
542.0116 5
543.1925 4
544.0642 3
544.118 4
544.3717 5
544.4357 4
544.7917 5
544.8749 6
545.1277 5
545.423 6
545.7259 5
546.0538 4
546.2585 5
547.1309 4
547.2576 5
547.6689 4
548.3786 3
548.7297 2
549.6865 3
549.7674 4
550.7979 3
551.0426 4
551.4994 5
551.7495 4
552.1241 3
552.8008 2
553.732 3
555.0863 2
555.4267 1
555.7687 0
558.7875 1
558.8036 0
559.1874 1
559.6813 2
559.9142 3
560.1573 2
560.512 1
560.586 0
563.662 1
564.2506 0
573.1801 1
573.237 2
573.4541 1
573.5492 0
574.5911 1
575.8876 2
576.036 3
576.3983 4
576.7227 3
576.9456 4
576.9997 3
577.7178 2
579.2518 1
579.5371 0
579.6209 1
580.7541 0
580.8702 1
581.4869 2
581.4969 1
581.7776 0
588.5538 1
588.7882 0
589.1007 1
589.234 2
589.3541 1
589.6971 0
590.6076 1
590.61 0
590.8764 1
590.8928 0
594.5927 1
595.1783 0
600 0
-1 0
0 0
0.6686 1
0.6824 2
0.9889 1
1.1085 2
1.3073 3
1.941 2
2.3194 3
2.365 2
2.545 1
3.4892 0
4.835 1
6.1443 2
7.0061 1
7.5751 0
9.3618 1
9.4314 0
10.9938 1
11.2022 2
11.4295 1
12.8186 2
13.945 3
13.9604 4
14.7573 3
15.1919 2
15.7787 3
16.22 2
16.6861 3
17.3032 2
17.418 3
17.7243 2
17.8373 3
19.5901 4
19.6694 3
19.7361 4
20.0773 5
20.4114 6
20.6898 5
20.7769 6
20.7981 5
21.2401 4
21.3795 3
21.5734 4
21.6547 3
21.8285 4
22.0049 5
22.1739 6
22.3821 7
22.4132 6
23.3452 7
24.1296 6
24.1453 7
24.4097 6
24.4116 5
24.4504 4
25.9858 3
27.9401 2
28.1533 1
28.5905 0
28.8875 1
29.0124 0
31.9699 1
32.3153 0
33.3665 1
34.0101 0
34.3535 1
34.6856 2
35.4475 3
35.9595 2
35.9644 1
36.1126 0
36.7325 1
37.6085 2
37.8444 3
38.6634 4
39.5774 5
40.4422 4
41.6728 5
43.7826 4
44.5065 3
46.4305 2
46.5332 3
46.5755 2
47.0572 3
47.0576 2
47.1493 1
47.6025 2
47.7572 3
48.1205 2
48.6034 1
48.6446 0
48.7744 1
48.9145 2
50.0595 3
50.4047 2
51.0871 1
51.1762 2
51.8181 1
52.0245 2
52.2923 3
52.3331 2
52.67 3
53.1369 2
53.8641 3
54.0027 4
54.559 5
54.6566 4
54.6761 3
54.9199 4
55.0882 3
55.1153 4
55.147 3
55.2104 2
55.3343 3
55.5129 2
55.5436 1
55.5658 2
56.1292 1
56.2882 0
61.6179 1
61.8216 0
62.1079 1
62.2685 0
70.9735 1
71.1221 0
75.0743 1
76.517 0
77.2505 1
77.934 0
78.3118 1
78.9913 0
80.8611 1
81.3292 2
81.4306 1
81.6167 0
81.8685 1
82.8798 0
83.4839 1
84.0959 0
94.2444 1
94.77 0
105.2029 1
105.5998 0
109.2271 1
109.4498 0
109.5843 1
109.7143 0
110.3285 1
111.1959 0
116.5886 1
116.6934 2
117.4515 1
117.5521 2
117.7517 1
118.015 2
119.2693 3
119.367 4
120.1636 3
120.6091 2
120.9068 3
121.1124 4
121.6812 3
121.8522 2
122.2467 3
123.0277 2
123.1224 1
123.6709 0
123.769 1
123.9097 0
125.5976 1
125.8869 2
125.9635 1
125.9709 0
126.1044 1
126.1817 2
126.6168 3
128.1394 2
128.8074 3
131.3241 4
131.4533 5
132.5781 4
132.9437 5
132.9761 6
133.0441 5
133.3193 6
133.7517 7
134.2108 6
134.6592 5
135.8313 6
135.9525 5
136.5141 6
136.6367 5
136.7904 4
137.2714 5
139.1829 4
139.6098 5
139.6886 4
141.1771 5
141.748 6
142.0762 7
142.4836 8
143.606 7
144.2168 8
144.6773 7
144.9937 8
146.3526 7
146.9057 6
147.36 5
148.6994 4
148.7517 5
149.1304 4
149.249 5
149.4614 6
149.6595 5
149.7605 4
150.8434 5
151.1417 4
151.4294 5
151.6661 4
151.8106 3
152.7327 2
153.3606 1
153.3787 2
153.9595 1
154.0053 0
155.9472 1
156.2412 0
157.9256 1
158.8312 2
159.1599 1
159.255 2
159.3868 1
159.3878 0
159.8297 1
160.8102 0
164.3882 1
164.474 0
164.4828 1
164.5146 2
164.6239 3
165.2165 2
165.2378 1
165.2533 0
165.2648 1
165.4568 2
166.9307 1
167.8269 0
168.3564 1
168.7107 0
169.0041 1
169.387 0
171.3602 1
171.7441 0
172.1335 1
172.2743 2
172.4373 1
172.623 2
172.8412 1
172.9788 0
173.2007 1
173.7682 0
173.7929 1
174.9812 0
176.4241 1
176.7381 0
176.9607 1
177.8869 2
178.653 3
179.4307 4
179.4586 5
179.6928 6
179.7597 5
180.241 4
180.8717 3
180.9874 4
181.0792 3
181.1797 4
181.2683 5
181.608 4
182.4527 5
182.5083 4
183.1121 3
183.3276 2
183.9795 1
184.2779 0
189.4773 1
189.6693 0
190.4277 1
190.477 0
191.9553 1
191.9642 0
193.4793 1
193.6569 0
195.9531 1
196.2782 0
196.5614 1
196.5703 0
201.5073 1
201.7011 0
202.8401 1
203.2771 0
203.4367 1
203.6103 0
205.0566 1
206.1465 2
206.5077 3
206.6904 4
206.7472 3
206.8505 2
207.3575 1
207.9984 2
208.8975 1
209.0694 0
211.404 1
211.8311 0
213.5607 1
215.0255 2
216.1801 1
216.6844 2
217.3457 1
217.4929 2
217.5838 3
218.1138 2
218.1925 1
218.2381 0
223.5607 1
223.6009 0
225.0398 1
225.1235 0
226.9152 1
227.5973 2
228.1383 3
229.1456 4
232.3873 3
232.824 2
233.2799 1
233.6592 0
233.7202 1
233.8303 0
234.3543 1
235.0987 0
240.3302 1
240.3584 2
241.1754 1
241.2184 0
241.4239 1
242.2029 0
242.7071 1
244.0455 0
246.6018 1
246.8273 0
247.3978 1
247.6316 0
247.9681 1
248.0742 0
249.1004 1
249.31 0
249.875 1
250.375 2
250.3907 3
250.4058 4
251.0015 3
251.0109 4
251.3869 5
253.4642 4
253.9166 5
254.0577 6
255.1173 5
255.2436 6
255.302 7
256.1402 6
256.5938 7
256.9097 8
256.9187 9
257.2381 8
257.5426 9
258.1909 8
258.3179 9
258.3989 8
260.9375 7
260.9781 8
261.3085 9
261.7289 10
261.885 9
261.9722 8
262.4843 7
262.4939 6
262.8437 5
263.0267 4
263.8415 3
264.4795 2
264.6626 3
264.9142 2
265.2175 3
265.4987 4
265.6422 3
266.4754 2
267.0984 1
267.9894 0
268.0814 1
268.3258 0
269.4905 1
269.6558 0
272.8443 1
273.0687 0
273.5765 1
273.6388 0
274.9007 1
275.7293 0
276.3635 1
276.9085 0
277.4124 1
277.428 2
278.6072 1
279.1258 0
280.3926 1
280.5442 2
280.5611 1
281.1516 2
281.4854 1
281.7631 2
282.1134 1
283.2823 2
283.6043 3
283.6792 4
284.1005 3
286.2484 4
286.6748 5
286.7074 6
287.778 5
287.8333 6
288.2901 5
288.9261 6
288.944 7
289.1034 6
289.3963 5
290.5858 4
290.59 3
291.3071 4
291.5942 5
291.8596 4
292.6273 3
293.1055 2
293.3033 1
294.048 0
294.2662 1
294.9116 2
295.6761 1
296.3321 2
296.4104 3
297.6116 4
297.6256 5
298.0206 6
298.1726 7
298.2086 8
298.7498 9
299.6548 10
300.1678 11
300.4499 10
300.5729 11
300.9711 12
301.3107 11
302.0703 12
303.0493 13
303.2224 12
304.3396 11
304.4783 12
305.1169 13
305.201 12
305.4083 11
305.7426 12
306.7088 11
307.0927 10
307.3359 11
307.5435 12
307.8227 11
308.1138 12
308.3275 13
308.9002 12
309.1704 11
309.2035 12
309.3227 11
309.3333 12
311.6417 11
311.8352 10
312.0461 9
312.4642 8
312.5581 9
312.5622 8
313.4924 9
313.722 10
313.9564 11
314.0356 10
314.0687 11
314.2274 12
314.6236 13
314.9901 14
315.4518 15
315.4908 14
316.0402 13
316.5694 12
316.9536 11
317.638 10
317.8509 11
318.2187 12
318.5359 11
318.6768 12
319.0297 11
319.9365 10
320.2122 11
320.9698 12
321.0257 11
322.3073 10
322.365 9
322.7446 8
322.8819 9
323.1269 10
323.2829 9
323.7377 10
325.1934 11
325.8307 12
326.3701 13
326.5357 12
326.5633 13
326.6575 14
327.382 13
327.8834 14
328.065 13
328.0959 12
328.305 13
328.6073 14
328.6947 13
328.8345 12
329.5725 11
331.0554 10
331.3256 9
331.4285 10
331.7915 9
332.2509 8
332.8109 7
333.3488 8
333.7633 7
333.8283 8
334.6378 9
334.7288 8
334.9976 9
335.1059 8
335.2943 7
335.9811 8
336.1896 9
336.265 10
336.801 9
336.809 8
337.3853 9
337.4044 10
338.2617 9
338.4737 10
338.4878 9
338.7159 8
338.965 9
339.2053 10
339.616 9
339.671 8
340.2001 7
340.8503 6
341.9565 5
342.9445 6
343.3064 5
343.3263 6
343.4956 5
344.7616 6
345.1066 5
345.2869 6
345.6027 5
345.9084 6
346.1866 7
346.257 8
346.5132 7
346.8265 8
346.8799 9
347.0057 8
347.3502 7
349.1438 8
349.7889 7
349.8841 8
350.9563 7
351.1347 6
351.1722 5
351.7532 6
351.7568 7
352.5024 8
352.7183 9
353.9608 8
354.8346 9
355.158 8
355.7654 7
356.5505 6
356.6434 5
356.7644 4
357.1801 3
357.302 4
357.3945 5
358.086 4
358.1447 5
358.3509 6
358.8969 7
359.0097 6
360.2405 7
360.4787 8
361.0096 9
361.4948 8
362.0351 7
362.5061 6
362.6146 5
362.6476 6
363.5728 7
364.2505 6
365.1327 7
365.8217 8
365.8613 9
365.8854 8
365.9105 7
366.17 8
366.434 7
367.2952 8
368.1605 7
369.9618 6
370.4194 5
371.0746 6
371.1692 5
371.2749 4
372.4788 5
373.0046 4
373.2237 3
373.635 4
373.8055 5
373.8214 4
373.8295 5
373.9129 4
374.4559 3
374.4937 2
374.5125 3
374.8642 4
375.3756 5
375.8721 6
376.0618 7
376.3558 8
377.1825 9
377.5194 8
378.5391 7
380.2819 8
380.8967 9
381.914 8
383.0452 9
383.0631 10
384.1658 11
384.8507 10
385.1107 11
385.5164 10
386.5482 11
386.6901 12
387.1245 11
387.2388 12
388.4283 11
388.6308 10
388.967 9
389.0805 8
389.3059 7
390.0303 6
390.0525 7
390.116 6
390.4389 5
390.6561 4
392.0004 5
392.1746 4
392.888 5
392.9999 6
393.8251 5
393.951 4
394.2074 3
394.2414 4
394.4263 5
394.8506 4
394.9514 5
396.0332 6
396.3825 5
396.7554 6
398.875 5
398.9326 6
399.424 5
399.5811 4
400.0805 3
400.1201 4
400.3427 3
400.5877 2
401.1514 3
401.1995 2
401.3031 1
401.4019 0
415.4179 1
416.3279 2
416.5397 1
416.9945 2
417.3699 1
418.279 0
418.5655 1
418.6642 0
419.4646 1
419.6377 0
420.3996 1
420.8889 0
422.7263 1
423.6905 2
423.8673 1
423.9112 2
424.8216 3
424.8782 4
425.1184 3
425.8634 4
426.4588 3
426.9307 4
427.1668 3
427.2899 2
427.4339 3
427.799 2
428.2686 1
429.2105 0
432.262 1
432.2761 0
432.5035 1
433.2264 0
442.5398 1
442.6596 2
442.8154 3
443.8768 2
445.3358 1
445.3689 0
445.8876 1
445.9153 2
446.4056 1
446.426 0
447.9347 1
447.9869 2
452.6034 3
452.709 4
453.9904 5
454.0162 4
454.4442 3
454.9257 4
455.1022 3
455.5757 2
456.2791 3
456.4679 4
456.8535 5
457.8813 6
458.1802 7
458.8135 6
458.9613 5
460.1278 6
460.207 7
460.367 6
460.93 5
461.8833 4
462.1749 5
462.6461 4
462.7355 3
462.9105 2
462.9433 1
463.6978 0
464.5449 1
465.0821 2
466.4839 1
466.6811 0
477.5397 1
477.8636 0
481.8409 1
482.0489 0
484.0806 1
484.8977 0
485.0954 1
485.1424 0
496.9966 1
497.2414 2
497.921 1
499.4369 2
500.2538 1
500.5528 2
501.1729 3
501.6501 4
501.6775 3
501.6962 2
501.9392 1
502.5319 0
509.2988 1
509.7356 0
516.1294 1
516.4617 2
516.787 1
516.841 2
517.3146 1
517.3959 0
518.7448 1
519.015 0
519.1166 1
519.4557 0
522.0643 1
523.0962 0
524.1816 1
524.3161 0
524.496 1
524.7174 0
525.1222 1
525.6349 2
525.9553 3
526.0267 2
526.2483 1
527.3194 0
530.004 1
530.1618 0
530.8036 1
531.9446 2
532.2161 3
532.2415 4
532.4695 5
532.5884 6
533.0504 7
533.8047 8
534.2739 9
534.3625 8
535.0976 9
535.127 8
535.9442 9
536.7401 10
536.9968 11
537.9169 12
538.092 11
538.6123 10
538.9569 9
539.0939 10
539.5554 11
539.7113 12
539.9102 11
540.5647 12
541.4189 11
541.5158 10
541.5331 9
541.5559 8
542.0816 7
542.2933 8
542.871 7
543.4472 8
544.3853 9
544.5986 8
545.5448 7
545.6083 6
545.8561 5
546.693 6
547.1265 7
547.3531 6
548.6394 7
549.1745 8
549.3371 9
549.929 10
550.103 9
550.2152 10
550.5176 9
550.613 8
550.7345 7
551.2744 6
551.4159 7
551.5245 6
551.5317 7
551.7459 6
551.8008 5
552.7977 6
552.8217 5
552.8437 6
555.7601 7
555.8878 6
556.8518 5
557.8966 6
558.7275 7
558.7358 8
558.8616 7
559.1539 8
560.1335 7
560.8003 8
560.9719 7
561.226 6
561.3548 7
561.6943 8
562.13 7
562.9349 8
563.1713 9
563.3454 8
563.6879 7
564.2785 8
564.4986 9
564.8423 8
565.0643 7
565.1491 6
565.7716 7
565.9976 8
566.118 7
566.7216 6
567.3495 5
567.6556 4
567.717 3
567.8285 2
568.6028 3
568.9361 4
569.284 3
569.7733 4
570.2888 3
570.6583 2
570.8316 3
570.9768 4
571.1395 5
571.6073 4
571.7073 5
571.7114 4
571.8992 3
572.429 2
572.7452 3
573.2994 4
573.4593 3
573.5552 2
573.7176 3
573.7412 2
573.8729 3
574.1157 2
574.2397 3
574.69 4
574.726 3
575.0148 2
575.0313 1
575.4345 0
575.4456 1
578.2923 2
578.5359 3
578.8625 2
579.138 1
581.7638 0
583.5903 1
584.072 0
584.0842 1
584.3729 0
586.0491 1
586.4471 2
586.5506 3
586.5892 2
586.8953 1
587.5002 0
587.8908 1
588.8806 0
591.5715 1
591.6184 0
591.7422 1
592.3054 2
593.367 1
593.7866 2
593.9418 3
594.1197 2
594.4262 1
594.6262 2
595.0574 3
596.581 4
596.7821 5
596.8733 4
596.8939 5
597.1701 6
598.4251 7
598.477 8
598.4982 9
598.6901 10
598.8814 11
598.9973 12
599.4825 13
599.5008 14
599.5538 13
599.6 12
599.7058 11
599.746 10
600 10
-1 0
0 0
3.7793 1
4.0082 2
4.1154 3
4.4891 4
4.5333 3
5.991 2
6.2724 1
6.5217 0
6.9198 1
6.9447 2
7.2769 1
7.5464 0
11.4407 1
11.9619 0
12.6738 1
13.2162 2
13.2467 1
13.2536 2
14.459 3
15.0991 2
15.1804 1
17.4292 2
17.6163 1
17.7206 2
18.4101 1
19.0697 0
22.4786 1
22.5599 0
28.819 1
29.8452 2
30.7915 1
31.1563 0
32.294 1
32.3123 2
32.4834 1
33.9014 0
35.4187 1
35.5749 0
36.3657 1
36.6627 2
36.983 1
37.3717 2
37.4563 1
39.4328 2
39.4387 1
39.8275 0
42.8767 1
43.0274 0
46.5377 1
47.9556 0
50.1427 1
50.3272 2
50.5184 1
50.7345 2
51.5617 3
51.7477 2
52.2294 3
52.8642 2
53.6157 3
54.278 2
54.4422 1
56.0767 2
56.3453 3
56.5303 2
57.6724 1
58.3679 0
58.9158 1
59.0206 2
59.0243 3
59.7307 4
60.591 3
60.823 2
61.1096 1
62.3057 0
62.9067 1
63.3834 2
63.7106 1
63.8382 0
64.6385 1
65.585 0
65.8052 1
65.9681 2
66.0025 3
66.3707 2
66.5617 3
67.0381 2
67.4066 3
68.9 4
68.9183 5
69.774 4
69.8211 3
70.7119 4
71.5373 3
71.6842 2
71.7568 1
72.5831 0
73.7399 1
74.1714 0
74.7644 1
75.7741 0
82.4845 1
82.5116 0
84.1334 1
84.5317 2
84.7363 1
85.4294 2
85.5082 3
86.1794 4
86.2406 3
86.4622 4
86.4866 3
87.6904 2
89.3484 3
89.5409 4
89.8876 5
90.2204 6
90.309 7
90.3542 8
90.6032 7
92.9362 6
93.0381 5
93.423 6
94.4403 5
95.0076 4
95.1271 5
95.5577 6
97.1915 5
98.1425 6
98.2131 5
98.3916 4
98.6813 3
98.78 2
99.5784 1
99.7608 2
99.8404 1
99.9505 2
100.06 1
100.9753 0
102.6674 1
102.8248 2
102.8564 1
102.8895 0
104.5408 1
105.485 0
105.7482 1
105.8064 2
105.9992 1
107.3218 2
107.7476 1
107.8954 0
109.9599 1
109.9941 0
110.3121 1
110.3592 2
110.7849 1
111.2103 2
111.7304 3
111.8582 2
111.9332 1
113.5024 0
114.1638 1
114.2557 2
114.6576 3
115.1515 2
115.1778 1
115.5304 2
116.6655 1
116.997 2
118.247 1
119.073 0
124.5955 1
126.9897 2
127.0426 1
127.4894 2
128.1527 1
128.3797 0
129.4271 1
129.5519 2
129.6572 3
130.6078 2
131.0708 1
131.1398 0
131.7026 1
133.4204 2
133.5319 1
133.6944 0
135.0984 1
135.2895 0
138.7806 1
139.1798 2
139.9493 3
140.059 4
140.6705 5
140.8816 4
141.7402 5
142.9942 4
143.5601 5
143.9231 6
144.5045 7
145.3304 6
145.9184 7
146.4866 6
146.7601 5
147.7216 6
148.2323 5
148.3011 6
148.5692 7
148.7489 8
148.8135 7
149.1469 6
150.1783 5
151.0539 6
151.2832 7
151.3093 6
151.6577 5
152.6973 4
153.1769 5
153.2086 6
153.2527 5
153.5521 6
153.73 7
153.9164 6
154.1053 7
154.1315 8
154.1736 9
154.3615 8
154.3641 9
154.6158 10
155.297 11
155.9146 10
156.8153 9
157.4058 10
157.5975 11
157.8508 12
158.8367 13
159.1103 12
160.7931 13
161.6818 14
162.9326 13
163.1178 14
163.6115 15
163.7501 14
163.9397 15
164.1828 16
164.2149 17
164.3173 16
164.418 15
164.42 16
164.5769 17
165.5022 18
165.5658 17
165.5924 18
165.9992 17
166.2077 16
166.4476 17
166.8792 18
167.3577 17
167.571 18
168.1654 17
168.5201 16
169.1808 17
169.512 18
170.0188 17
170.0468 16
170.4258 15
170.6231 16
170.7894 17
171.8617 18
172.1785 19
172.765 18
172.9261 19
173.3299 18
173.3463 17
173.9793 18
173.9871 17
174.2501 18
175.1314 17
175.6364 18
175.6487 19
176.1391 20
176.2785 19
176.709 18
178.3103 17
178.3397 16
178.7778 17
179.8797 16
179.933 17
180.0419 18
180.1963 19
180.2795 20
180.3349 19
180.4432 20
180.8025 21
181.2286 22
182.8651 21
183.436 22
184.1208 21
185.1597 22
185.2571 23
185.749 22
186.7993 23
187.5457 22
187.9883 21
188.4088 22
189.2007 21
189.8628 20
190.1626 21
190.1719 22
190.2909 23
190.5441 22
190.6005 23
191.0492 24
191.1936 25
191.7238 26
192.8816 25
194.0861 24
194.1757 23
194.4834 22
194.7364 23
194.7857 22
194.9318 21
195.3015 20
195.4565 19
195.6103 20
196.2991 19
196.9592 20
197.4419 21
197.5056 22
197.6522 21
197.8504 20
199.4307 19
199.9679 18
200.1422 19
200.3939 18
200.4987 19
200.736 18
201.5844 19
201.6469 18
201.888 19
202.5564 20
203.0491 19
203.2594 18
203.5894 17
204.7153 16
205.4077 15
206.7571 16
207.3574 15
207.3934 16
207.9065 15
208.4595 14
209.1407 15
209.4766 16
210.1059 15
210.6799 16
210.892 17
211.2733 16
211.4854 15
211.6916 16
211.8786 15
212.0608 16
212.0866 15
212.6963 14
212.8279 13
213.0689 14
213.386 15
214.3021 16
214.9721 17
215.3156 16
216.4799 17
217.4663 18
217.6704 19
218.2833 18
219.1406 17
219.4656 16
219.9649 15
220.447 16
220.821 17
220.9691 16
221.0456 17
221.4849 18
222.207 19
222.2101 18
222.2583 17
222.501 18
223.3748 19
224.2182 18
224.6948 19
224.8624 20
225.6272 19
226.8828 18
227.217 17
227.2864 18
227.4512 19
227.9744 20
228.1327 19
228.43 20
229.1018 21
229.7608 22
229.9174 21
231.0388 22
231.5802 23
231.6437 24
231.7134 25
231.8074 26
232.2493 25
232.5326 26
232.6364 25
233.0611 26
233.3426 25
233.9496 24
234.225 23
234.3183 24
235.1195 23
236.2768 24
236.5299 25
236.775 26
237.0024 27
237.3749 28
237.4509 27
237.6649 26
237.7012 25
237.7671 26
238.3532 25
238.613 24
239.5456 25
239.8047 24
240.5786 25
240.6357 26
241.4947 27
241.7384 28
242.3731 27
242.4996 28
242.6314 29
243.0294 28
243.9799 27
244.4795 28
244.9161 27
245.5908 26
246.0835 25
246.0985 26
246.623 25
246.6601 26
247.7368 25
248.0587 26
248.5606 27
248.9001 28
249.3261 29
249.4881 28
250.4161 27
251.2579 26
251.4541 25
252.0773 26
252.2719 27
254.3177 26
254.4065 25
254.7646 26
255.8795 27
256.3644 26
256.7404 25
257.4973 26
258.128 27
258.2676 28
259.3883 27
259.5658 28
259.6815 27
260.2534 26
260.3345 27
261.1293 28
261.5927 27
262.3746 28
262.4291 27
263.1173 26
263.7967 25
263.863 26
263.9826 25
264.5579 26
264.9922 25
265.6838 24
265.9765 25
266.1467 26
266.6792 27
266.8057 26
267.1982 25
267.5252 24
267.6235 25
268.4161 24
269.0591 23
269.3844 24
269.6901 23
270.5225 22
270.8577 21
270.9252 22
271.0441 21
271.1723 20
271.9459 21
271.9658 20
272.1307 19
272.5459 18
272.715 17
273.1083 16
273.4507 17
274.9323 18
275.5092 17
275.7233 16
276.3872 15
276.4403 16
276.7607 15
277.3692 14
279.0724 15
280.0657 16
280.9105 17
280.998 16
281.2428 15
281.854 14
281.8898 15
282.5967 16
282.7051 15
283.2395 14
284.0148 15
284.2048 16
284.7717 17
285.1441 18
285.703 17
285.8794 16
286.5304 15
287.4396 16
288.1529 17
288.4778 18
288.761 19
289.372 20
289.8485 21
289.9057 20
290.1098 19
290.639 20
291.1664 19
291.3481 18
291.4743 17
291.4934 18
291.74 19
291.9768 20
292.4805 19
292.8009 20
293.7658 21
295.92 20
296.613 19
296.6506 18
297.069 17
297.3113 16
297.9677 15
298.0894 16
298.6242 17
298.7549 18
299.432 19
299.5785 18
299.7409 19
299.7975 20
299.9704 19
300.0681 20
300.0947 21
300.1392 22
300.1765 21
300.5253 22
300.8588 23
301.2939 22
302.0478 21
302.8527 22
302.9449 21
303.274 22
303.3969 21
303.5109 22
303.7932 23
304.2634 24
304.7926 23
304.8723 22
305.1671 21
305.2033 22
305.2706 21
305.907 22
306.4315 21
306.572 20
307.1869 19
307.4742 20
308.2337 19
308.8089 20
310.1289 19
310.1713 18
310.6172 17
311.7505 16
312.2993 17
312.3679 18
312.8226 19
313.3263 18
313.7123 19
314.1899 20
315.0048 21
316.0409 20
316.491 19
317.233 18
317.638 17
318.3327 16
318.3826 17
319.1192 18
319.754 17
320.1762 16
320.2201 17
320.4418 16
320.4925 15
320.695 14
321.3604 15
321.5953 16
321.9075 15
322.0246 16
322.4213 15
322.7772 16
322.7865 17
323.1773 16
323.3707 17
323.6372 16
323.9803 17
324.162 16
324.3216 15
325.6389 16
326.1382 17
326.8529 16
327.1685 15
327.6953 14
328.1554 15
328.562 16
328.6922 17
328.8191 16
329.343 17
329.8735 16
329.9554 15
329.9635 14
330.2912 13
330.3569 14
330.8237 15
330.8925 14
331.1061 15
331.5591 16
332.1875 15
332.5615 14
333.0374 15
334.7147 14
334.8668 15
334.9683 14
335.0098 15
335.5159 14
337.0092 15
337.2035 16
338.1927 15
338.2521 16
339.9995 17
340.0157 18
340.0186 17
341.7372 18
342.4149 17
342.5177 18
342.8422 17
343.9887 18
344.1712 17
344.2966 16
344.5529 15
344.9952 14
345.3407 13
346.1277 12
346.5748 11
346.5868 10
346.7172 9
347.087 10
347.1376 9
347.2979 10
347.7054 11
347.806 10
347.812 11
348.1974 10
348.388 11
350.2872 12
350.4618 13
350.6047 14
351.2182 13
351.4361 14
351.9768 15
352.0922 14
352.2022 13
352.2427 14
352.7863 15
352.9054 14
353.1298 13
353.7453 14
353.9102 15
353.9643 14
354.938 15
355.559 14
355.5988 13
355.6107 14
355.8863 15
357.366 16
357.6376 15
357.8586 16
357.9699 15
358.4869 14
358.9501 13
359.1487 14
359.4712 15
359.6272 16
360.2771 15
360.5204 14
360.5738 13
360.6514 14
362.2442 15
362.5481 14
363.9928 13
365.6169 14
365.7098 15
366.2048 16
366.7453 15
368.3055 14
368.4223 15
368.6345 14
369.213 13
370.0174 14
370.0517 13
371.1087 14
371.1477 13
371.1734 12
371.252 13
371.3861 12
372.6424 11
374.3615 12
374.4534 13
375.6057 14
375.9416 13
376.0933 12
376.3994 11
376.6212 12
377.0505 11
377.7028 10
379.5069 11
379.5307 12
382.9411 11
383.1894 10
383.3573 9
383.3695 10
383.7359 11
383.9489 10
384.9595 9
385.2898 8
385.4426 9
385.4621 10
386.7971 9
386.8567 8
387.2085 7
389.0152 8
389.0995 7
389.6821 6
390.2011 5
390.2992 6
390.7362 5
391.1363 4
391.5622 3
391.8853 4
391.9119 3
392.0978 4
395.047 3
395.2237 4
395.6964 3
395.9878 2
396.7309 3
397.1791 4
397.8896 5
397.9289 4
397.9497 5
398.0379 4
398.2365 5
398.3346 6
398.4006 5
399.0528 4
399.2371 5
400.1775 4
401.039 5
401.5782 6
402.4196 7
402.7804 6
403.1633 5
403.565 4
404.3015 3
404.9444 2
405.4953 1
405.7196 0
405.9475 1
406.712 2
406.9933 1
407.2143 0
413.1272 1
413.3644 0
417.211 1
417.4766 0
417.8519 1
418.4689 2
418.5842 1
419.0014 2
419.5085 3
419.6956 4
419.8065 5
419.8781 6
419.984 7
420.0994 8
420.3454 9
420.652 8
420.7654 9
420.9357 10
420.9377 9
421.1659 8
421.8283 9
422.385 10
422.4502 11
422.9889 10
423.0427 9
423.4612 10
423.7102 9
423.903 10
424.3768 11
424.7713 10
424.9465 11
425.4237 12
425.9256 11
426.0048 12
426.2382 11
426.8303 12
427.083 11
427.6043 10
428.3524 11
428.5111 10
429.0488 9
429.0615 10
429.649 11
429.7055 10
431.0967 9
431.2452 10
431.7504 9
432.4173 8
432.6647 7
432.7691 8
433.3796 9
433.5937 10
433.9895 9
434.2972 8
434.6901 9
435.5323 10
436.1521 11
436.4126 12
437.8227 13
438.2341 14
438.507 15
438.6979 14
439.9164 15
440.0335 14
440.3959 15
441.4469 14
441.5877 13
442.0138 14
442.5711 15
442.9516 16
442.9669 15
443.1788 16
443.566 15
444.4103 14
444.6219 13
444.9788 12
445.086 13
445.1748 12
445.3017 13
445.7196 12
446.363 11
446.8694 12
447.3421 11
448.7864 10
451.0367 9
452.1489 8
453.6025 7
453.6819 6
454.0229 5
454.0636 6
454.0847 5
454.668 6
454.7174 5
454.8603 6
455.0332 5
455.6656 6
455.8161 7
455.9908 8
456.417 9
456.4895 10
457.0243 9
457.6008 8
457.9759 9
458.2106 8
458.8153 9
459.0723 10
459.7042 9
460.3415 8
460.4264 7
460.4346 8
461.2673 7
461.4018 6
461.7206 7
461.9758 6
462.8976 5
462.9896 6
463.2201 7
463.554 8
464.3123 7
464.4968 6
464.6883 5
464.8688 6
464.9717 5
465.4047 4
465.4425 3
465.6895 2
466.4356 1
466.9393 0
471.3075 1
471.5342 0
474.2965 1
474.3346 0
475.1992 1
475.8404 0
478.7796 1
478.9715 0
479.3443 1
479.3714 2
480.1968 3
481.151 4
481.1926 5
481.4765 6
481.7314 7
482.3382 6
482.4713 7
482.81 6
482.8553 7
482.9515 6
483.6473 7
483.8356 6
484.1283 5
484.4842 4
484.7528 3
485.0937 2
485.1961 3
485.2817 2
486.1803 1
486.2632 0
486.5532 1
486.9401 0
487.2862 1
487.3227 0
487.8544 1
488.051 0
494.0602 1
494.5667 0
499.5335 1
499.8671 0
499.9292 1
500.4096 2
500.5503 1
500.8706 0
502.5706 1
503.5975 2
504.1043 1
504.155 2
504.4201 1
504.5055 0
504.5917 1
504.9877 0
506.2073 1
506.211 0
506.4302 1
506.5103 0
508.086 1
508.1352 2
508.1924 1
508.8381 0
508.9452 1
509.0168 2
509.631 1
510.087 0
512.1101 1
512.7536 0
512.8103 1
512.9002 0
512.9068 1
513.8985 2
514.2991 1
514.2995 0
517.172 1
517.2348 0
517.242 1
518.2754 2
518.6591 1
519.9242 0
520.452 1
520.7406 0
522.7079 1
522.8371 2
522.9869 3
523.7098 4
523.9672 3
524.3756 2
524.5973 3
525.2618 4
525.9556 5
525.9628 4
526.1614 3
526.1659 4
527.5167 3
527.6341 4
527.9327 5
527.9523 6
528.1798 7
528.9422 8
529.9416 9
530.022 8
530.8505 7
531.0275 8
531.3763 9
531.6712 8
531.6969 7
532.7862 6
533.2702 7
533.3774 8
533.5506 9
534.2459 8
534.2966 7
534.5862 6
535.3561 5
536.3377 4
536.3879 5
536.9052 6
537.1162 5
537.3073 4
537.4328 5
538.4962 6
539.3493 5
539.5363 4
539.8668 3
540.1575 4
540.4681 5
540.6162 6
541.1553 7
541.1565 6
541.3012 5
541.7142 4
541.9313 3
542.5201 4
542.9905 3
542.9993 2
543.1328 3
544.3916 2
544.5333 1
544.6858 0
550.4628 1
550.6042 0
552.0693 1
552.0968 0
553.5152 1
553.5754 2
554.0455 1
554.1462 0
556.0631 1
557.4294 0
558.7998 1
559.894 0
560.31 1
562.3449 0
562.3782 1
562.9033 0
569.7496 1
570.3864 0
570.71 1
571.1992 0
573.6355 1
573.6831 2
574.1958 3
574.3235 2
575.7561 1
575.8672 0
579.872 1
580.7459 2
580.7563 1
580.9992 0
585.8752 1
586.567 2
587.4791 3
587.9732 4
588.2647 5
588.425 4
589.3386 5
590.7903 4
590.832 3
591.1799 4
591.4232 3
591.6423 4
592.0092 3
592.8116 4
592.9215 3
594.3241 2
594.3775 3
594.5236 4
594.65 5
594.7464 4
595.2924 3
595.4816 4
595.691 5
595.7348 6
596.2314 7
598.0242 8
598.0638 7
598.166 8
598.5421 7
598.7645 6
599.0984 7
600 7
-1 0
0 0
4.0776 1
4.7464 2
4.8573 1
6.2274 2
6.6562 1
6.6893 0
10.4538 1
10.5247 2
11.1273 1
11.3583 2
11.9545 1
12.1345 2
15.109 3
15.5258 2
16.8598 3
17.8801 4
18.9112 3
19.503 2
19.5086 1
19.7188 0
19.8403 1
20.5427 0
22.6138 1
23.2584 0
24.6176 1
24.8351 2
25.3773 1
26.0801 2
26.7007 1
27.2411 2
27.5982 1
28.0226 0
28.5338 1
30.6958 0
31.9731 1
33.1629 0
35.7766 1
35.9357 2
35.9418 3
36.2123 2
36.4504 3
36.5364 4
36.8946 3
37.1564 4
37.2772 5
37.5732 4
37.6291 5
37.7691 4
38.3537 5
38.4462 4
38.5723 3
38.8337 4
39.4371 5
39.5834 4
39.7529 3
39.9781 4
40.5176 5
41.0104 6
41.5052 7
41.7372 6
41.7831 7
42.833 8
43.5811 7
43.9123 8
43.9972 7
44.0081 6
45.5521 7
45.6475 6
46.9625 7
47.3336 8
47.3672 9
47.3854 8
47.8811 7
48.5027 8
48.7433 7
48.7958 6
48.8953 5
49.2809 6
50.3046 7
50.6394 6
50.9058 7
51.1378 8
51.4775 7
51.6056 6
51.9142 5
52.7794 4
52.9475 3
54.4505 2
54.4861 3
54.7147 2
55.0782 1
55.4863 0
56.9661 1
57.1327 0
59.6941 1
61.0533 0
65.6925 1
66.2892 0
66.2915 1
66.5383 2
66.9666 3
67.0066 2
67.1066 3
67.4912 2
68.0155 3
68.1209 2
68.2998 1
68.6604 2
68.7057 3
69.0802 4
69.6621 5
69.8435 4
70.3923 3
70.8397 2
70.8873 1
71.3735 2
71.8507 1
72.0124 0
74.0633 1
74.5306 2
75.6337 1
76.0235 0
80.0063 1
80.0708 2
81.0828 1
82.9989 0
87.6716 1
89.0177 0
90.2065 1
91.3607 0
93.9215 1
94.3979 2
94.4093 3
94.7321 4
94.9948 3
95.6277 2
95.8217 1
96.1591 0
96.4884 1
96.5233 2
97.5483 3
98.1101 2
98.9027 3
99.0815 4
99.6552 3
99.8895 4
99.9061 3
100.2198 2
100.3005 3
100.3963 2
100.8628 3
101.4151 2
101.6818 1
102.0789 0
102.4917 1
102.51 0
103.2835 1
103.674 2
103.7162 3
104.1044 2
104.28 3
104.8529 2
105.1122 1
105.1816 2
106.3292 3
106.463 4
107.32 5
107.325 4
107.4077 5
107.5464 4
108.485 5
110.3673 6
111.1787 5
111.3501 6
112.5802 7
112.6021 6
112.8552 7
113.5848 6
114.1355 7
114.2236 6
114.4331 7
115.0414 6
115.5145 5
115.5715 4
115.6036 3
115.6235 4
116.1766 5
117.5713 4
118.1876 5
118.754 4
120.0785 3
120.3932 4
120.8916 3
122.6523 2
122.8753 3
123.1321 4
123.2506 3
124.391 4
124.5844 3
125.461 4
126.4817 3
126.5926 2
126.6583 3
126.9444 4
127.1273 3
128.0053 2
128.1428 1
128.4526 2
129.9201 3
130.0014 4
130.4168 3
131.2532 2
131.8265 3
132.0349 2
132.1751 3
132.2584 2
132.3837 3
132.8477 2
133.0636 1
133.6501 2
134.3054 1
134.3684 0
134.6655 1
134.7168 2
135.082 3
136.7881 2
136.9637 1
137.1013 0
144.3092 1
144.6439 0
145.2788 1
145.5174 0
150.2086 1
150.3868 2
150.605 1
150.8203 2
151.0075 3
151.716 2
152.0129 3
152.1611 4
152.4925 5
152.5108 4
152.5982 3
153.0582 2
153.0865 3
153.7235 2
153.9223 3
154.4867 2
154.5866 1
155.1942 0
155.5786 1
156.3603 2
156.7792 1
157.367 0
165.1081 1
165.1158 2
165.5409 1
165.8008 0
169.9412 1
170.2911 2
171.2571 1
172.0477 0
175.2162 1
175.3443 0
178.4817 1
178.9167 2
179.6479 1
179.7081 0
180.6446 1
181.7908 0
182.0433 1
182.594 2
182.6696 1
184.4455 0
184.4947 1
184.6576 0
190.4345 1
191.1275 2
191.5166 1
191.593 0
193.5284 1
193.5792 0
193.7449 1
194.754 0
196.1221 1
196.1887 2
196.3568 1
196.3905 2
196.7948 1
196.9995 0
197.0565 1
198.8795 2
199.1797 1
199.2871 2
199.391 1
199.529 2
199.7446 1
199.9334 0
201.4182 1
202.086 0
202.2326 1
202.3672 0
203.8302 1
204.0899 2
204.247 3
204.5386 2
204.8823 3
206.1045 4
206.1071 5
206.3196 4
206.3855 3
206.8845 2
207.2457 1
207.7485 0
213.0458 1
213.4197 2
213.6864 1
213.9921 0
214.1905 1
214.6915 2
215.7471 3
215.8928 2
216.0095 3
216.0483 4
216.9037 5
217.2808 4
217.5724 5
217.8423 6
218.559 5
219.0202 4
219.3863 3
219.5198 2
219.74 1
220.2021 0
220.5918 1
220.6123 0
221.1663 1
221.484 2
221.5481 1
223.6512 0
227.0708 1
227.0972 0
228.4317 1
228.9502 0
230.8051 1
231.2751 0
240.0355 1
240.2695 0
240.4418 1
240.5869 0
241.4894 1
241.7967 0
243.5111 1
243.6288 0
244.5521 1
246.2261 2
246.785 3
247.2312 4
247.3377 3
247.8377 4
247.9541 3
248.3428 4
249.5953 5
249.6176 6
249.6821 7
250.8439 6
251.1959 7
251.3209 6
251.3561 5
251.7363 6
252.6015 5
252.633 4
253.1835 3
253.6991 2
253.8539 1
253.9383 2
254.0392 3
254.8709 2
254.9222 3
255.1231 4
255.1236 5
255.1776 6
255.3041 5
256.2081 6
256.4593 7
256.8677 6
257.1162 5
257.2969 6
257.8735 7
258.936 6
258.9723 7
259.0446 6
259.0996 5
259.7189 6
260.0656 7
260.2953 6
260.6666 5
261.1377 6
262.0254 7
262.1603 8
263.1725 7
263.276 8
264.5251 7
265.2571 6
265.2607 5
265.4973 4
265.5009 3
265.7064 2
266.5736 1
266.8941 2
267.4255 1
267.9396 0
268.5931 1
270.9103 2
271.1464 3
271.302 2
271.3807 3
272.1915 2
272.9518 3
273.892 4
274.1866 5
274.2062 4
275.3818 3
275.7306 2
276.1459 3
276.6945 2
277.1616 1
277.3868 0
278.1196 1
278.463 2
278.5411 1
279.5302 0
290.7167 1
290.725 2
291.0577 3
291.6763 2
292.0875 3
292.6593 4
292.8871 5
293.467 4
293.7889 3
295.0726 4
295.2927 5
295.311 4
295.5002 3
295.6921 4
296.1914 5
297.2929 4
298.7318 3
299.0242 4
299.2533 3
300.5816 2
303.6389 1
304.7523 0
305.9626 1
306.0889 0
307.6149 1
308.376 2
308.6708 3
310.2913 2
310.4212 1
310.612 2
310.9119 3
311.3921 4
311.483 5
312.0213 4
312.6418 5
313.0258 4
313.339 3
313.6246 2
313.8114 3
314.4271 2
314.4868 1
315.0148 0
316.9138 1
317.0892 0
318.1491 1
318.7777 0
322.1632 1
322.4303 2
322.4425 3
323.4407 2
323.5309 1
323.5957 0
326.5491 1
327.3064 2
328.5391 3
329.8868 4
331.0353 3
331.1134 2
331.2049 3
331.3306 2
331.3896 3
331.4726 2
332.371 1
332.9839 0
333.3201 1
334.0075 2
334.0463 3
334.1143 2
335.5608 3
335.692 2
335.9066 1
336.1361 2
336.9623 1
337.6657 2
338.5918 1
339.0169 0
339.1365 1
339.9638 2
340.0423 1
341.7532 0
343.2863 1
344.1628 2
344.8378 3
345.3481 4
345.4169 3
345.9805 2
346.5588 1
346.7755 0
347.806 1
348.1964 0
348.5333 1
349.116 0
351.6408 1
353.2933 0
353.7632 1
353.8099 0
357.7536 1
357.861 2
357.892 3
357.9032 2
360.1324 1
360.1842 0
360.3266 1
360.7611 0
367.4623 1
367.4631 2
368.553 1
369.183 0
374.3852 1
374.4586 2
375.5451 1
376.7677 2
377.5791 3
378.6606 2
378.8825 1
379.9616 2
380.3964 1
380.6477 0
383.8559 1
384.257 0
384.407 1
384.4372 2
385.1242 3
385.6858 2
385.7752 1
385.9777 0
385.9951 1
386.2937 0
387.7761 1
388.7205 0
395.7662 1
395.8356 2
396.0487 3
396.1003 4
396.4142 3
396.851 4
398.7304 3
399.8655 2
400.0491 3
400.2564 4
401.4967 3
401.7643 2
403.5293 3
403.5822 2
404.0214 1
404.1165 0
406.4612 1
407.1408 2
407.4594 3
408.4182 4
408.5667 3
409.1105 4
409.3398 3
409.9627 2
410.9962 1
411.4517 2
412.5188 3
412.7404 2
413.1397 1
413.3974 0
417.597 1
417.8761 2
418.0469 1
418.172 2
418.5628 1
418.6445 2
419.4355 3
419.9313 2
421.4907 3
423.6087 4
423.7042 5
423.7815 4
423.9013 3
423.9752 4
424.1711 5
424.8989 6
425.107 5
425.5963 6
425.8181 5
425.9714 6
426.6079 7
426.9167 8
427.4366 7
427.4833 6
428.3089 5
428.5798 4
428.8445 3
429.5521 4
429.6808 3
429.7165 4
431.6279 3
432.0729 4
432.3503 5
432.5361 4
432.9788 3
433.1201 2
433.1881 3
433.5971 4
433.6963 3
434.085 2
434.7605 1
435.4127 2
436.4969 3
438.1666 4
438.3191 3
438.3466 4
438.4877 5
438.6197 6
438.952 5
439.0665 4
439.434 3
439.7255 2
441.4206 3
441.5742 2
441.8474 1
441.8798 0
442.8242 1
443.1593 0
445.3838 1
446.8562 2
446.8758 3
447.1351 4
447.256 3
447.602 4
448.3419 3
448.5866 2
449.6547 1
450.11 0
458.8205 1
458.8749 2
459.0663 3
459.6534 2
460.074 1
460.5927 0
462.7418 1
463.1538 0
468.9046 1
469.2043 0
469.5708 1
470.3578 0
470.3709 1
471.4827 0
472.7538 1
473.134 0
473.9056 1
474.4113 2
474.6069 1
476.1694 2
476.1989 1
476.1991 0
477.1407 1
478.0291 0
482.7809 1
483.088 0
486.7378 1
486.9642 2
487.1217 3
487.4251 4
487.7107 5
488.9407 6
489.8481 5
490.5345 6
490.6678 5
491.3752 4
491.8118 3
492.0375 4
492.4708 5
492.7297 6
493.0077 5
493.1293 6
493.5487 7
493.616 6
493.9565 5
494.7793 4
494.9666 5
495.5187 4
496.3351 3
497.089 2
497.3945 1
498.0439 2
498.1649 1
499.0139 0
499.2153 1
500.5347 2
502.2285 1
502.3923 2
502.4681 3
502.4766 2
502.9321 3
503.1123 2
503.2667 1
504.1134 2
504.3447 1
504.7223 2
504.7931 3
505.0266 2
506.2101 3
507.2573 4
507.4113 5
507.6988 4
507.7721 5
507.8685 6
508.3099 7
509.1204 8
509.4283 9
509.4829 8
510.0358 9
510.6841 10
511.1903 9
511.3628 10
511.8161 11
511.9209 12
513.5465 11
515.0296 10
515.65 11
516.1183 12
516.2048 13
516.6488 12
516.762 11
517.0292 10
517.4777 11
517.5643 12
517.689 11
518.25 12
518.2756 11
518.9109 10
519.0807 9
519.0867 8
519.8206 9
520.1172 10
520.8632 9
521.1862 10
521.2803 9
521.7439 8
523.4249 7
524.5922 8
524.9946 9
525.1725 8
525.3113 7
525.5301 6
526.2095 5
526.478 4
526.8839 3
527.3395 2
528.6562 1
529.1545 0
529.2107 1
529.4127 2
529.4405 1
529.9254 2
530.0653 1
530.0693 0
530.1022 1
531.3593 2
531.8011 1
531.9842 2
532.1479 3
532.1719 4
532.1816 5
532.4064 6
532.4833 7
532.6738 8
534.9278 9
535.0078 8
535.3497 9
535.6689 8
537.557 7
537.9598 6
538.0216 5
538.5016 6
538.7247 7
539.3997 8
539.5622 7
540.3312 8
540.9199 9
541.2532 10
541.3815 11
542.1695 12
542.2682 13
542.9061 12
543.373 11
544.6517 12
545.1846 11
545.919 12
546.0853 13
546.6829 12
547.2237 11
547.3707 12
547.546 13
547.7633 12
548.8653 11
549.2712 12
549.4147 11
549.5227 12
549.5677 11
550.2116 10
550.7057 9
551.1522 8
551.578 9
552.0143 10
552.629 9
552.6531 10
552.8754 9
553.3545 8
553.6729 7
554.0189 8
554.1187 9
554.8496 10
555.357 9
556.4306 10
556.6273 9
556.6583 8
557.1903 9
557.1992 10
557.5311 11
558.9065 12
558.9562 13
559.3662 12
559.5499 11
560.0509 12
561.1956 13
561.9814 12
562.1046 13
562.8015 12
563.1064 13
564.1279 12
564.4136 13
564.5763 14
564.8305 13
564.8928 12
565.0913 11
565.6926 10
566.2864 9
567.7719 8
568.5313 7
568.6145 8
568.9017 7
569.0762 6
569.3872 5
571.7452 6
571.9405 5
572.1328 6
573.8732 5
573.9545 6
574.5936 5
574.7213 4
574.9705 5
575.4069 6
575.7342 7
575.8925 6
576.2722 7
576.8843 8
577.2633 7
577.3554 8
577.8212 7
579.1573 8
579.2291 9
579.3634 10
579.8199 11
580.2836 12
580.7989 11
580.9802 12
581.7515 13
581.7733 12
581.9063 13
582.7957 12
583.1928 11
583.5391 12
584.0304 11
584.2619 12
584.2929 11
585.0837 12
585.1358 11
585.1603 12
585.5505 13
585.6489 12
585.916 13
586.7894 12
586.9241 11
587.4896 10
588.8199 9
589.7803 8
590.2282 7
590.2848 8
590.6707 9
591.8585 8
591.9504 9
592.2251 8
592.3046 9
592.5048 10
592.6374 9
593.3708 8
593.6018 7
593.6811 8
594.1269 7
594.1817 8
594.452 7
594.4855 6
595.3045 5
595.9714 4
596.55 3
597.1866 2
599.8948 1
600 1
-1 0
0 0
4.5378 1
5.0518 2
5.1237 1
5.7343 2
6.3287 1
6.4717 2
6.4758 1
6.588 0
16.3752 1
18.6532 2
19.0134 1
19.0566 0
23.5544 1
23.5771 0
24.8979 1
26.1013 0
26.2171 1
26.2326 2
26.9552 3
27.129 2
27.1857 3
27.7247 4
27.9205 5
28.0909 6
28.6664 5
29.0439 6
30.0601 5
30.873 6
30.9707 7
31.0207 6
32.3799 7
32.8615 8
33.6861 7
34.5562 6
36.316 5
38.0265 4
38.2415 5
38.5908 4
38.6667 3
38.7739 2
39.2289 3
39.494 4
39.8045 5
40.4272 4
40.7718 5
41.0372 4
41.2022 3
41.7449 2
42.4954 3
42.7943 2
42.808 1
42.9848 2
46.0984 1
46.4522 2
46.5602 1
46.6555 2
47.386 3
47.388 2
47.6864 1
48.352 0
51.6806 1
51.7635 2
52.2218 3
52.7735 4
53.7387 5
54.1667 6
54.7105 7
55.6305 6
55.6848 5
56.7705 4
57.9022 3
59.6381 4
59.6886 3
59.7017 4
59.9742 5
60.6301 6
62.1119 5
62.3517 4
63.448 3
63.8441 2
64.0788 1
65.5126 0
68.2181 1
68.8549 2
69.1433 1
69.9587 0
79.1943 1
79.7344 2
80.8055 3
81.7904 2
82.0179 1
82.888 0
83.8955 1
84.1409 2
84.2108 1
85.1132 0
85.8067 1
86.2612 0
89.4587 1
90.2526 0
90.4196 1
90.7641 0
92.1551 1
92.2323 0
100.1227 1
101.1133 2
102.7155 1
103.06 0
105.9161 1
106.2534 0
109.667 1
110.1103 2
110.6489 3
111.3193 4
111.7598 3
113.4787 4
113.9625 3
115.5166 2
115.7366 1
116.1403 0
120.3979 1
121.7297 0
121.9042 1
122.7427 0
123.0319 1
123.4065 2
123.6787 1
123.7545 0
124.1231 1
125.7063 2
125.8917 3
127.0451 4
127.8027 3
128.2172 2
128.3882 1
128.8763 0
129.3688 1
129.6611 0
136.1709 1
136.2905 0
141.8672 1
142.1264 0
144.6669 1
145.1857 2
146.2978 1
147.2452 2
147.3398 3
147.8483 4
148.0327 3
148.7448 4
148.9999 5
149.2947 4
149.6038 3
149.6062 2
149.663 1
150.2209 2
150.5855 1
150.6609 0
152.0522 1
153.2065 0
154.9781 1
155.7356 2
155.804 3
155.8806 4
155.9245 3
155.9589 2
155.9844 1
156.1462 0
157.225 1
158.3774 0
159.1155 1
159.151 0
165.6802 1
166.0114 2
166.1165 3
166.3809 2
167.7632 1
168.135 0
175.5104 1
175.8915 2
176.1338 1
176.1921 0
176.5395 1
177.4324 0
178.5484 1
178.5756 2
178.8303 1
180.1442 2
180.2465 3
180.2805 2
180.4587 1
180.4869 2
181.2977 1
182.0628 0
183.6623 1
183.8088 0
192.1786 1
192.5988 0
192.6668 1
192.7369 2
193.1902 1
193.3552 2
193.6547 1
193.8569 0
200.5596 1
200.808 2
201.0057 1
202.3263 2
202.7968 1
203.1707 0
203.5661 1
204.4963 0
206.9336 1
207.0403 0
207.3192 1
207.5758 0
214.1107 1
215.0266 0
221.7426 1
222.1003 0
222.706 1
222.9431 0
241.9715 1
242.5021 2
242.6464 1
243.905 2
244.9788 3
245.2306 2
245.8288 1
246.0658 0
247.8889 1
247.9017 2
248.0746 1
248.2094 2
248.2608 1
248.3248 0
249.6101 1
249.7848 2
250.1129 1
251.6358 0
254.1699 1
254.4238 0
255.3273 1
255.8524 0
259.5362 1
259.9668 0
261.4414 1
261.4776 2
262.6722 3
263.1165 2
263.5934 1
263.9295 2
264.0329 1
264.0651 2
264.744 1
264.7871 0
266.4572 1
266.5475 0
273.0642 1
273.8986 0
274.1746 1
274.7032 0
274.7214 1
274.8025 2
275.1906 1
276.2776 2
277.3349 3
277.5965 2
277.9296 1
278.6564 0
282.6396 1
283.27 0
289.4326 1
290.8697 0
294.9488 1
295.27 2
296.0184 1
296.0489 0
297.9097 1
298.59 0
299.4228 1
300.0849 2
300.7201 3
300.9916 2
301.7304 1
302.164 0
302.6268 1
302.8043 2
303.2543 1
303.9211 0
304.602 1
305.0755 2
305.1197 3
306.2672 4
306.3228 3
306.3695 4
306.5054 5
306.6875 6
307.0271 7
307.1472 8
307.6667 7
308.1634 6
308.2127 7
309.0193 8
309.7319 9
310.2077 10
311.2277 11
312.9916 10
313.2026 9
313.7114 8
314.4224 7
314.4912 8
314.5537 7
314.9139 6
314.9735 5
315.0358 4
315.8337 5
315.9444 6
316.1039 5
316.4214 4
316.6577 5
316.8397 6
317.6319 7
318.0892 8
318.8517 7
319.6474 6
319.8393 5
320.8098 6
320.8195 5
320.9076 4
321.7608 3
323.2436 4
323.4553 3
323.6233 4
325.023 3
325.1901 2
325.3468 1
325.5472 0
326.5344 1
326.9603 0
330.0255 1
330.0817 2
330.3603 1
330.4851 2
330.5753 1
330.6261 2
330.8612 3
332.5595 2
332.6571 3
333.049 2
333.0498 1
333.7515 2
334.6371 1
335.2822 0
342.4502 1
342.6518 2
343.1709 1
343.3427 0
345.8077 1
346.775 2
347.4105 1
348.0115 2
348.8527 1
348.9826 2
349.058 1
349.2952 2
349.3266 1
349.3287 2
350.5868 1
350.8065 0
351.8075 1
351.9821 2
352.6336 1
352.7398 2
352.8345 3
353.5479 2
353.8152 3
355.5268 2
355.8264 1
356.2793 0
363.5459 1
363.8015 2
363.8966 3
364.8009 2
364.8943 3
365.8982 2
366.2023 3
366.8437 4
366.9717 5
367.3711 6
367.3844 7
367.5106 8
368.943 7
369.6164 8
369.7054 9
369.7808 8
370.2595 9
370.3431 10
370.6368 9
370.9929 10
372.6318 11
373.0026 12
373.4851 13
375.1185 14
376.4253 15
376.5908 14
376.9621 15
377.018 16
377.1568 15
377.6547 16
377.9414 15
379.1937 14
380.2218 15
380.5762 16
381.5278 17
381.8071 16
382.3496 15
382.4292 16
382.8883 15
383.0885 14
384.179 13
384.5113 12
384.6509 11
384.8045 10
385.0173 9
385.4934 8
385.6825 7
385.98 6
386.0304 7
386.0637 8
387.7972 7
388.8384 6
389.0408 5
389.381 4
389.5416 3
389.8597 2
389.9948 3
390.387 4
390.56 3
391.1391 2
391.6606 3
392.0804 2
392.3 1
392.6185 0
393.3997 1
393.4997 2
395.1827 1
396.2958 0
399.236 1
399.3395 2
399.4192 3
399.716 4
399.771 5
399.7752 6
399.9696 5
399.9762 6
400.6274 7
400.7669 6
400.7991 5
401.0122 4
401.2156 3
401.3378 2
401.3749 1
401.525 0
402.0445 1
402.1252 0
403.3522 1
403.5196 0
403.8433 1
404.0549 0
407.4374 1
407.6447 0
414.4873 1
414.7074 2
415.7789 1
415.8272 0
419.209 1
419.715 0
420.6706 1
420.7447 2
420.8831 1
421.1562 2
422.0628 3
422.2375 4
422.5993 5
422.712 6
422.8614 5
423.1047 4
423.7646 3
424.8855 4
425.33 5
425.4652 4
425.5344 3
425.6378 2
425.7702 3
426.0807 2
426.1946 1
426.5648 2
426.8478 3
427.2134 4
427.5873 3
427.9296 4
428.1774 3
428.1987 4
428.5233 5
429.3989 6
429.8238 7
430.2648 8
430.8208 9
431.3124 8
431.3981 7
431.4035 8
431.7573 7
432.2929 8
432.3583 7
433.213 8
435.2336 9
435.5098 10
435.913 11
436.2268 10
436.2461 9
436.7185 8
437.0346 9
437.0824 8
437.4661 7
438.2679 6
438.6372 5
438.6418 6
439.1277 5
439.5443 6
440.0503 5
440.5019 4
440.5123 5
440.5534 6
440.6028 5
442.4199 4
443.224 5
443.3111 4
443.816 3
443.9141 4
444.7367 3
445.6979 2
445.8661 3
446.4045 4
446.4732 5
446.6787 4
446.9992 3
447.6897 2
448.0374 1
448.2761 0
448.8618 1
449.6012 0
449.6578 1
449.7121 0
451.2962 1
451.4493 2
452.1737 3
452.4385 2
452.708 1
452.9132 0
452.9177 1
453.0449 0
454.8725 1
456.2962 0
460.5648 1
460.6837 2
461.1417 3
461.4723 4
461.9446 5
462.3013 6
462.4935 5
462.8357 6
463.0401 7
463.0574 6
465.468 5
465.5465 6
466.723 7
466.7316 6
467.0589 5
467.5508 6
467.6219 5
467.656 6
468.1476 5
468.3519 4
468.662 5
468.7591 4
468.765 3
468.9018 2
469.0332 1
469.057 2
469.5467 3
470.0596 4
470.716 5
471.0966 4
471.2109 5
472.3306 6
472.7322 5
472.7912 4
472.8676 5
472.8761 4
473.2828 3
473.802 2
474.1898 3
475.9433 4
476.0165 5
476.2321 6
476.5792 5
476.6847 6
478.1447 7
478.495 6
479.1897 5
480.0194 4
480.5327 3
480.547 4
483.9564 5
483.9724 4
484.4534 5
484.9111 4
486.9147 3
486.9614 4
487.0474 3
487.2929 2
487.3319 1
487.586 0
489.8608 1
491.4358 2
491.6541 1
491.7821 2
491.892 3
492.1239 2
492.4796 1
492.6282 0
495.0035 1
495.1094 2
495.2023 1
495.3094 0
500.4257 1
501.1748 0
502.7767 1
503.1975 0
503.3335 1
503.7202 2
503.801 1
503.8412 0
504.8954 1
505.1682 0
505.3415 1
506.7665 0
506.8998 1
507.4592 2
507.4909 3
507.524 4
507.5313 5
507.8035 4
508.1668 5
508.7102 6
509.2979 7
509.4473 6
509.9306 5
510.4231 6
511.2086 7
511.3857 8
511.5835 7
511.9885 8
512.0316 9
512.3749 8
512.7508 9
513.0814 10
514.8124 9
514.847 10
515.0628 11
516.036 10
516.6134 11
516.8166 12
517.3981 13
517.9863 12
518.2742 11
518.4134 10
518.8543 11
519.3977 12
519.6671 11
519.8038 12
520.8257 13
521.0983 12
522.7966 13
524.2531 14
524.4505 13
525.0098 14
525.727 15
526.078 16
526.1819 15
527.0363 14
527.0722 13
527.4614 12
528.0582 11
528.8663 10
529.3006 11
529.695 12
530.043 11
530.2237 12
530.2293 11
530.5793 12
531.0299 11
531.1344 10
531.4959 9
531.7769 8
531.9974 7
532.0889 6
532.2335 7
532.3597 6
532.9493 7
533.0635 6
533.2103 5
533.7373 4
533.7907 3
534.0541 4
534.4351 5
535.658 6
535.8123 5
536.2641 4
536.602 5
536.6332 4
537.2686 5
537.6181 4
538.1463 3
538.323 4
538.6391 3
538.8348 2
538.9955 1
539.0035 0
539.1857 1
539.2718 2
539.6441 3
540.2838 4
540.5322 5
540.7005 4
541.0811 3
541.1468 2
542.5919 3
542.6548 2
543.4363 1
544.0703 2
544.3184 1
544.3615 0
544.5453 1
544.8964 2
544.9765 3
545.7569 2
545.9608 1
546.709 2
546.8811 1
547.3674 0
548.8557 1
549.4919 2
549.5294 1
550.0964 2
550.1382 1
550.3192 0
552.6264 1
552.8228 0
552.8309 1
552.8392 0
555.5267 1
555.6478 2
555.8037 3
555.9674 2
556.0067 3
556.1378 4
556.3569 3
556.4652 4
557.4068 3
559.065 4
559.0862 3
559.2278 2
559.9855 1
560.3014 0
560.4008 1
560.566 2
560.6825 1
561.086 2
561.3394 1
561.5776 2
561.6655 1
561.7084 2
563.969 1
564.1404 2
565.2276 3
565.3579 4
565.5377 5
566.627 6
566.6861 5
567.0123 6
567.7592 7
568.2752 6
568.299 5
569.0438 4
569.3595 5
570.4249 6
570.5095 5
570.7159 6
570.9239 5
571.3547 4
571.4209 5
572.1356 6
573.1103 5
573.4991 6
573.9729 7
573.9865 8
574.0178 9
574.4237 8
575.9562 7
576.0266 8
576.3467 7
577.6742 8
578.6813 9
579.213 8
580.2788 7
580.5388 6
580.8042 7
581.2124 8
581.2338 7
582.4673 8
583.3736 7
583.6494 8
583.8325 7
584.3088 8
584.5989 7
584.7423 6
585.2449 7
585.2719 6
585.4819 5
585.4907 6
586.4376 5
586.904 4
588.731 3
588.754 2
588.8454 1
589.6086 0
590.4808 1
590.5976 0
592.0222 1
594.0959 2
594.2203 3
594.7215 2
595.6372 1
595.6459 0
600 0
-1 0
