2.359 0
2.9669 2.0143
3.8883 2.0791
4.2198 1.7846
8.658 0
10.2464 0
10.8794 1.2185
11.8231 2.1922
12.0499 2.8594
12.3683 4.3489
13.9696 4.6334
14.2561 5.8213
15.0137 5.2422
15.7043 4.6905
16.5993 4.0301
17.7737 5.2789
18.001 5.1713
19.0791 4.6785
19.1432 5.8112
19.298 6.3144
19.6971 5.9777
20.1894 6.3684
21.8839 5.4193
22.069 7.0696
22.4998 6.8979
24.0926 6.1854
24.4491 6.144
29.0496 1.814
29.2873 2.4636
30.0471 4.5363
30.5604 5.1713
31.5695 6.5483
34.1631 4.111
35.2675 3.145
35.3352 4.317
35.6435 4.5035
37.399 6.0085
40.4828 3.0053
40.6271 2.9514
42.9757 0.8388
43.0285 1.8517
45.0684 0
45.1678 2.1253
46.9545 1.2891
47.5884 1.0718
47.8809 0.8351
50.1805 0
50.9221 1.2746
51.1504 1.9111
52.2702 2.3115
53.9171 0.9936
54.1895 0.8407
54.2548 1.2179
57.9514 0
58.1387 0.5706
58.166 3.5507
58.2119 3.7663
58.5864 4.6911
59.3216 4.641
60.4389 4.2853
61.8363 3.3269
62.234 3.6499
62.7714 3.777
64.3243 2.9752
64.779 3.5219
65.2013 4.6918
66.9407 4.0736
66.9506 4.433
68.3712 8.1316
69.855 7.1351
70.2222 6.9274
71.8083 6.6023
72.2224 10.4942
73.3395 9.6309
76.2776 7.1527
76.8446 8.4964
78.7145 7.5384
81.3571 6.3712
82.6965 5.2443
83.2356 4.9857
84.1147 5.6233
84.8754 5.1203
85.1407 6.5395
86.2691 6.5706
86.2722 6.8467
86.314 7.0251
86.5979 7.5416
86.6371 7.8682
87.6956 8.5451
91.6354 4.9196
93.2374 3.4466
94.2153 2.4865
100.6235 0
100.7727 2.08
102.5801 1.0032
102.9661 1.2898
104.5346 1.4205
107.5106 0
109.1395 0
109.8159 0.3074
111.483 0
112.2387 0
112.5103 1.2866
112.7671 2.4039
113.4794 1.7806
115.1118 0.8477
116.6487 0.4564
117.8504 0.0922
118.1288 0.0796
119.3658 0
119.6185 0.0548
120.1609 0.4061
120.6677 0.597
121.6351 0.7291
123.9665 0
124.8378 2.2873
125.331 2.9853
127.4725 0.8474
128.3379 0.266
129.6782 0
132.2073 0
132.4461 1.4983
132.8737 1.261
133.4791 3.3988
134.1829 3.2293
134.6551 3.6807
136.2487 4.7917
138.8133 2.8064
139.8021 3.5952
140.3949 4.031
141.1826 3.3173
141.196 5.3133
145.6016 2.2453
145.9865 2.4731
146.047 3.2991
147.7546 1.6692
147.8792 3.9414
152.0216 0.0947
154.8617 0
155.0522 0
155.341 1.0464
157.4282 0
158.0617 0.6822
158.1635 1.2275
159.4629 0
161.0679 0
163.3748 0
163.9482 0.6139
164.544 0.4074
166.8635 0
167.7832 0
169.8491 0
170.3112 0.0415
170.9403 0
172.4268 0
178.304 0
179.1263 0.1259
184.7876 0
185.0428 0
185.4397 0
187.1676 0
188.1364 0.5177
189.0809 0.1558
189.8042 0
190.9169 0.1655
192.0745 0.7205
192.6005 1.0612
194.5747 0
195.3705 0
195.5981 1.0015
195.9665 1.3057
196.6523 1.9894
197.044 1.7398
197.8412 1.4238
198.2532 1.1783
200.4318 0.8814
202.1657 0
205.8131 0
208.9355 0
209.8311 0.5696
210.076 1.6048
210.8694 0.8732
210.93 2.2093
211.0393 2.8634
211.9402 3.096
213.4878 2.1874
214.4979 1.9174
215.391 1.273
215.5015 2.7682
216.6181 2.0245
216.6692 2.1569
216.9234 2.5312
217.3023 2.9584
217.9081 2.7409
219.3321 1.7478
221.6535 0.9816
227.5015 0
229.4087 0
229.5786 0.4461
229.7311 0.6354
229.9148 2.0031
231.3357 1.425
232.5441 0.3765
233.8961 0
234.0173 0.6475
235.7491 0
239.1924 0
240.7052 0
242.0323 0.9568
242.5608 0.8478
242.784 0.6787
243.3874 1.0684
244.7211 0.206
246.9874 0
247.5293 0.9087
248.6887 0
249.2489 0.0025
249.4759 0.4596
250.1455 1.1527
251.1279 0.3678
252.393 0.8468
252.8619 1.418
252.9471 1.7957
254.9535 0.8005
255.5354 3.852
256.3471 4.0784
256.546 5.6693
258.4492 3.7769
259.8598 2.955
260.5876 3.0265
260.7746 4.0107
261.5392 4.3005
262.1303 4.7317
262.6379 6.0433
266.9899 1.9229
268.161 1.8996
268.6 2.1484
270.2608 1.2879
271.7045 0
271.943 0.0456
272.2217 1.8903
273.4095 0.7152
273.8613 1.1458
276.713 0
277.1787 0.6105
277.8818 1.2206
279.7287 1.9363
280.0609 2.0367
280.6895 2.1265
280.967 2.1946
283.9379 0
284.1866 0
284.3413 0.6398
284.5143 1.7488
286.4075 0.6218
286.4676 1.4132
288.0936 0
288.117 1.3681
288.3939 1.5643
290.3983 0
291.6486 0
292.4302 1.227
292.6409 1.1836
292.9568 3.4457
293.3836 5.2711
293.8014 4.8644
295.2048 4.2923
296.0094 3.7215
296.1366 4.2829
296.5712 7.5932
297.7061 7.2866
298.9526 7.4272
299.4654 7.1951
300.2886 6.5312
301.4588 5.5865
302.6225 4.6556
303.0688 4.3731
303.7493 4.306
304.0661 4.6704
305.0511 3.9926
305.4089 4.8378
310.1759 0.7046
310.1908 2.1403
311.0399 1.6048
311.5749 2.1017
311.6596 3.535
312.285 3.5944
312.4563 3.6481
313.6458 4.8129
315.9903 2.6587
317.2558 1.5997
320.4582 0
321.4859 0
322.2004 0.2564
322.8536 0.4661
325.3416 0
326.6809 0
327.234 2.5247
327.855 1.9627
327.9267 2.6425
-1 0
1.0556 0
3.7154 0
4.1531 1.5726
4.238 1.7119
4.5578 1.9556
5.0317 2.26
5.0636 2.3957
6.6164 0.9066
7.8093 2.4087
8.5604 1.8696
9.3799 1.5466
12.5736 0
12.7477 0.4506
14.021 0
14.7566 0
16.8825 0
19.6501 0
20.405 0.2155
20.7257 0
21.0563 0.6994
22.7149 0
25.821 0
26.5788 2.6476
28.6124 1.8561
30.497 0.4684
31.3582 1.7441
32.438 1.1615
32.82 0.888
35.0391 0
36.1294 0.5949
36.1317 2.5334
36.6036 2.1821
36.7828 2.2049
38.1007 1.0757
41.439 0
42.576 0
42.6778 0.3091
43.7673 0
43.8198 2.5724
44.5108 2.2677
46.0877 1.634
47.1636 2.8279
47.5008 2.7148
49.5997 0.766
52.1893 0
53.1521 0
53.2215 0.7862
53.8607 0.222
54.2417 0.2736
54.817 0.2626
54.8172 3.121
55.6231 2.9095
55.7677 3.5619
56.0615 7.4505
58.6715 5.8068
60.2176 5.1316
60.5878 5.8366
61.6395 5.225
62.2265 4.6871
64.8761 2.8367
64.9751 3.3499
65.5904 4.5747
67.2192 3.7607
69.1193 2.6032
69.7643 3.0865
70.5556 2.6572
70.9911 3.0037
71.097 5.2125
71.3576 6.0936
72.1489 6.2291
72.5539 6.3987
73.5624 6.7864
77.148 3.3025
77.6572 4.0324
78.4835 4.8619
79.7223 4.162
87.1267 0
87.8408 1.4637
90.8102 1.4731
92.1617 0.317
92.2481 1.6886
93.8769 0.4487
94.185 1.0073
94.5793 0.7268
94.8674 0.5422
95.3879 0.7307
98.237 0
98.5175 0
100.6691 0
100.8156 1.9364
101.7893 1.3894
101.9029 1.8626
102.7422 2.0756
103.3563 2.368
103.7841 2.445
104.3126 2.0832
106.9044 1.0535
107.591 1.0315
108.1281 1.285
109.576 0.8628
111.6803 0
113.3965 0
114.5809 1.6465
114.9839 1.6386
115.5008 1.2116
116.3463 0.5134
118.4408 0
118.449 0.7179
119.3302 0.1402
119.5377 0.6355
119.7046 1.3711
120.6874 4.745
121.3285 4.3616
121.8405 6.1222
124.6891 3.6106
127.0152 1.5611
128.338 0.2449
128.6241 0.6008
128.8884 0.3959
129.3205 2.267
130.7498 2.017
132.159 1.4352
133.4726 0.1699
135.5538 0
135.9867 0.3616
136.5387 4.9523
137.5595 5.9324
137.5988 7.0684
138.0713 9.829
138.9636 10.2235
139.737 12.8234
140.3587 12.2754
141.8644 12.7565
143.1785 12.3199
143.8901 11.9619
144.7568 11.3972
145.7273 11.8259
146.6299 12.8302
148.6561 11.0471
148.8319 11.086
149.4402 11.6188
150.227 11.214
150.2911 11.6005
150.7358 11.3533
151.048 12.4526
151.2574 13.0595
152.5294 12.1555
152.7415 14.1948
154.752 13.9267
155.004 14.6495
156.0769 14.5881
156.2688 15.0945
159.113 12.4256
160.9908 10.9083
161.3148 12.3321
163.2934 10.3664
164.5121 9.2052
164.6461 9.6972
165.0865 10.288
165.8029 10.2879
166.275 12.5246
166.441 13.0487
166.5469 13.3137
166.5884 13.9941
168.5225 13.041
172.6358 10.0717
172.833 10.1803
173.803 9.3255
176.2162 7.9178
176.9159 8.4858
178.1281 8.0522
179.3386 9.5682
179.8374 9.9455
181.7503 8.0989
183.1851 7.8727
184.8736 6.4056
185.197 6.5629
186.2878 7.4667
186.3235 10.3881
188.1384 9.4038
189.6475 8.1337
190.8729 8.342
190.9463 8.7529
193.3157 6.7149
193.569 6.5344
193.6673 7.1157
194.2798 6.7229
194.9381 6.0919
196.227 5.3163
196.2632 5.439
196.6156 5.6681
197.7206 5.3961
198.8312 5.684
198.8673 5.8945
198.8856 7.8642
199.5141 7.7414
200.1285 7.8803
201.3055 6.9974
201.725 6.755
201.9575 7.5641
202.7289 7.9838
204.4169 8.5829
204.9723 8.086
205.7908 7.3148
206.4221 6.7226
208.2145 4.9839
208.9114 5.0868
209.1942 4.9649
209.6537 5.8601
209.773 5.9688
210.2218 5.6678
210.6934 5.8123
210.818 5.8061
211.8133 4.8198
214.6138 2.9832
215.9429 3.1088
216.5945 2.4794
217.7783 1.3337
218.8136 0.7135
219.6195 1.0074
221.2995 0.4822
225.1979 0
225.5011 0
225.5491 1.6828
230.1535 0
230.7051 0
231.0046 0.2451
231.4129 1.7775
231.5262 1.7555
232.1095 1.6875
235.4445 3.6781
237.2636 1.9117
239.8016 0
240.0467 0.8699
240.2413 0.8379
240.3271 1.9101
240.7444 1.9827
243.0148 1.8683
243.9682 2.93
244.0285 4.8067
244.3513 4.9506
245.0902 4.417
245.2394 5.009
246.7672 4.8599
247.5458 4.112
251.3233 0.6618
251.7856 0.2055
252.8257 0
254.5533 0
257.3076 0
261.1671 0
262.236 1.338
262.3124 4.0322
262.8759 4.4617
263.3305 4.1525
263.9219 4.1297
264.7089 4.4255
266.2673 3.2935
266.989 4.1077
267.1267 6.226
267.7714 6.5642
267.9589 8.002
269.5487 6.5024
270.6677 7.6911
270.9122 7.7441
271.52 9.047
273.0016 9.4813
273.1377 10.0502
273.2779 10.7411
273.7565 11.7058
276.5436 8.9869
276.9211 9.009
277.3992 8.7693
278.5903 10.4224
279.1551 11.2734
281.6635 8.8229
281.73 8.7721
283.0423 10.3623
283.2124 11.6369
285.4673 10.6766
285.9358 10.2792
286.4661 10.1846
286.7961 9.9492
286.8009 13.9418
286.8678 14.0696
286.956 15.6815
287.133 16.4973
287.7133 17.5616
288.5689 17.3107
288.8179 17.2231
289.926 17.5813
289.9751 18.729
291.333 18.2162
292.7457 17.6599
294.6217 15.8149
295.1576 15.5137
296.3174 14.6737
296.6536 16.1794
298.5573 14.3188
299.0039 13.8768
-1 0
0.7702 0
1.6799 0
2.4609 0
2.8623 0
4.861 0
5.6798 0
6.4746 0.0407
6.904 0
9.6046 0
9.6135 1.829
10.3441 1.4101
12.8393 0
12.8763 1.3892
12.8936 1.4322
13.5929 0.7491
13.8457 0.519
16.6479 0
16.977 0.3049
20.5587 0
21.3308 0.5193
22.1558 0
23.058 0.2965
23.29 1.1412
25.0561 0
25.2541 0.2394
25.394 0.7969
25.6686 1.6714
25.8334 2.2901
25.9175 3.3165
26.0463 3.3559
26.0878 3.4389
27.0249 4.0969
27.1539 6.6574
27.3865 6.5044
27.8645 6.5477
27.9479 7.56
29.7867 7.3851
31.0273 6.1467
32.5525 4.9984
32.5554 6.177
32.8407 6.1084
35.507 3.4862
36.0103 3.5096
36.7626 2.9107
36.9232 3.13
39.6627 0.6382
40.3144 0.2598
40.6461 2.3432
42.0408 2.1563
42.584 1.8145
42.9158 1.6962
45.8293 0
45.8753 0.2316
45.9091 0.5953
47.5321 0
48.0412 0
48.7372 0
48.9625 0.5311
51.1561 0
51.9308 0
53.2309 0
53.3116 0.2234
53.9042 0.9643
56.4512 0
57.8378 0
58.0316 0.3075
58.7688 0
59.7215 0.0576
59.8794 1.6872
64.7175 0
64.9883 0.147
65.1211 1.2272
66.5803 0.0246
67.3476 0
68.6556 2.3136
70.2035 2.0805
70.5418 1.8352
71.2011 2.4076
71.6385 4.1713
72.4302 3.7713
72.9885 3.2599
73.619 3.0983
74.9378 2.9787
76.9278 2.0295
77.1226 2.0438
77.5956 1.662
79.2217 0.2559
79.6833 0.0783
81.771 0
81.7899 0.338
83.1225 0.2439
83.6998 3.3056
83.8774 5.2513
85.3636 5.0644
85.7401 4.836
85.9629 5.322
86.3296 6.2318
87.1535 5.633
89.9689 4.0427
89.9957 4.3372
91.1825 6.658
91.6821 7.3776
94.2447 5.0929
94.299 6.5834
94.4995 6.416
94.8205 6.6676
95.5405 6.6101
95.7601 6.4859
95.8701 7.1762
97.3218 6.3041
97.3577 8.3993
97.4751 9.8292
97.8938 10.6811
98.5722 10.0552
98.6289 10.5145
99.7848 10.8015
99.8715 12.4568
99.9749 15.1744
99.9757 16.2413
100.0458 16.2342
102.3942 13.9775
102.7357 17.0013
102.9034 16.9034
104.3276 15.6501
104.7052 15.895
104.7752 16.159
105.0448 17.5963
108.7389 15.7835
108.8455 16.969
110.0719 17.5992
112.3793 16.6203
112.5822 19.0846
112.8331 23.126
114.3033 22.4448
114.4403 22.6433
115.8493 21.8647
116.389 22.7648
116.5673 23.1433
117.3823 23.9483
118.3519 26.2393
121.6812 23.2774
121.9561 23.6747
123.1545 22.7548
124.0937 25.2704
125.3028 24.1116
125.7153 23.8946
127.6463 22.8696
127.6845 23.5919
129.4092 21.878
130.0702 24.334
131.5001 23.1921
131.5502 24.6702
131.6758 25.735
131.9996 26.3586
132.0405 26.5974
132.2508 26.5462
132.4217 26.5327
133.2635 27.4369
133.6544 29.7731
133.9462 30.1259
134.1015 31.2293
134.9196 30.4434
135.6847 31.0795
137.0888 30.613
137.0923 30.9472
137.4885 31.8175
137.9276 31.7921
138.0855 31.7936
139.1811 31.4799
141.8364 29.2811
142.7067 30.4065
142.9327 31.7847
143.1021 31.9293
144.0715 31.0735
144.2437 31.0316
144.6575 31.8269
145.2961 31.493
146.0273 30.936
147.2645 30.1311
148.0513 29.4356
148.5204 30.0115
148.7855 31.1331
149.9174 32.1064
150.6926 31.4101
152.6764 30.8372
153.1616 31.3458
154.0974 30.4597
155.0571 29.755
156.1722 29.3527
157.9082 28.212
158.4367 28.8104
160.2955 27.0438
161.3919 26.7093
161.6321 27.4172
162.6082 27.6164
163.6277 26.8843
165.0668 25.8307
167.1898 24.1492
168.0301 26.1485
172.1699 22.4303
172.2166 22.6274
172.413 23.7961
172.5673 26.9011
173.5721 27.1611
174.1506 27.1173
175.163 27.0004
178.0514 24.6048
178.7797 24.2107
179.5297 25.3929
180.6935 24.6294
181.7029 24.3508
182.3315 27.9474
183.0055 27.7403
184.4512 26.5891
185.6506 26.9661
185.8225 27.6716
188.0561 25.9893
188.2775 26.7093
188.486 26.7343
189.2013 27.3594
189.8556 27.3383
190.2074 27.29
190.2359 29.939
190.5906 32.1525
190.744 34.8195
191.773 34.8888
192.0733 34.8324
192.7288 34.6033
192.7309 34.7359
194.4083 35.2891
194.7861 35.9031
197.5851 33.445
198.21 32.8645
198.671 32.4815
200.6268 32.5434
200.6503 33.5604
202.4529 32.1824
202.9615 32.1179
203.7064 31.725
204.4233 31.215
205.7857 29.9832
207.4958 29.3182
207.9114 29.3727
208.1082 30.0422
208.166 30.932
210.4405 29.2135
211.1764 29.5019
211.3353 30.1431
211.4825 30.0932
212.1012 29.4798
214.2614 27.7881
215.6976 26.7556
216.4957 27.0605
217.1044 27.6287
218.392 27.8263
218.9617 27.9463
219.0753 29.071
219.3759 29.3464
219.5864 29.5229
221.3735 28.0877
222.1833 29.6925
223.1113 29.0383
223.2104 30.1065
223.7182 29.7823
224.3435 29.5955
224.904 29.3358
224.9748 29.5109
226.3683 29.6501
227.014 29.6723
227.6719 31.596
229.4308 30.0883
230.1527 29.865
232.5912 29.0668
232.749 29.5883
233.5227 29.0404
233.976 30.1554
235.8528 28.5647
238.1376 26.8122
239.8784 25.9664
242.9962 23.3141
245.1205 21.6986
246.5944 21.3629
247.4429 20.8149
247.9456 21.373
249.8092 19.5256
249.878 19.8536
251.7582 21.091
251.879 21.806
254.4803 19.6377
259.6042 14.7203
261.2271 14.2339
261.5837 14.9709
264.6621 12.1622
264.8988 13.7444
265.3474 13.7266
265.7361 13.8401
266.4967 13.5134
267.4988 13.622
269.8444 12.2787
269.8736 12.758
-1 0
0.3019 0
0.4159 2.0766
2.3012 1.3484
2.6229 1.5924
3.8143 0.5643
6.0271 0
6.248 0.1531
7.9038 0
8.6185 0
8.6972 0.3097
9.4654 0
10.17 0
10.5872 0.7919
10.9706 1.8793
11.1812 2.2642
11.4754 2.3014
11.7213 4.2041
12.1726 3.7953
12.6506 3.6266
13.3862 3.0464
13.4954 4.5975
14.3912 4.2478
17.3166 3.2033
17.8654 3.4366
18.1046 3.5906
18.9259 4.8449
19.611 4.9674
19.6922 5.5023
20.1379 5.277
21.6962 4.0142
22.726 3.0999
23.9857 2.7096
24.0208 4.731
24.1147 4.7678
24.867 6.3528
26.3883 5.1492
29.0005 2.635
29.1639 2.4946
30.3528 1.9976
31.4069 1.6042
31.7184 1.8244
32.6124 1.2027
32.7095 2.6534
36.4748 0
36.6092 1.6906
36.7447 4.4726
40.4582 1.7401
40.6361 1.9404
40.7548 2.7439
40.914 2.7003
41.7046 2.8345
45.0362 0.5519
46.0115 0.1564
46.1666 0.4275
46.6014 2.5381
47.3321 2.7802
47.4571 3.4776
48.4739 4.8758
49.5095 4.7631
49.5498 4.9034
50.7887 4.5058
51.84 3.7549
52.0256 3.8406
52.5784 4.2076
54.7216 2.0679
55.492 1.5482
57.3884 0
58.3231 0.1836
59.3621 0
59.6868 2.7016
60.6442 2.6305
61.858 1.9898
62.9372 2.49
63.3167 2.1885
64.0951 1.9931
64.3694 2.495
66.4782 2.6583
67.9014 3.0028
68.2473 2.926
69.3577 3.1426
69.5638 3.0795
69.7675 4.0763
69.7894 4.1169
70.3797 3.7833
70.799 5.3446
71.4384 5.1281
71.4871 5.766
72.393 4.9074
72.3946 6.4032
73.8205 5.2164
77.7831 1.3633
77.7864 3.2897
78.2846 3.8223
80.1786 3.7687
80.5529 3.5257
80.6096 3.7992
83.1404 1.3126
83.6099 2.4335
87.8586 0
89.6247 0
90.4104 0
92.3716 0
92.7095 0
96.0889 0
98.0905 0
98.3218 0.9662
100.3624 0.7506
101.3551 0.0653
105.8261 0
108.8894 0
110.1309 0
110.3112 0.257
110.4008 0.2281
110.9498 0.6078
111.7693 0.1837
112.4501 0.1035
112.7272 1.154
113.5616 0.338
114.5892 0
115.0593 0
117.2737 0
119.659 0
120.3065 2.5621
120.5715 2.59
120.634 2.8426
122.9247 0.5762
123.2588 0.5186
125.2672 0
126.5809 0
126.9904 0.429
127.4594 0.2813
129.1645 0
129.9445 0
129.9695 0.7189
130.1197 1.9303
130.8025 3.2112
131.8598 3.5436
132.5236 3.4219
132.8721 3.3253
133.0428 4.2847
134.14 4.5665
134.9782 4.1226
135.15 4.0748
136.3692 3.6395
138.0856 1.9939
138.7139 1.5283
141.5792 0.4418
143.8435 0
144.0376 0.1583
144.0409 0.8517
144.4964 0.9619
145.5494 0
146.5476 0
146.816 0.0141
147.4379 0
148.3381 2.7097
149.9813 1.4165
151.3146 4.3231
153.6588 2.1998
154.5447 1.6586
156.3416 0.75
156.9786 0.3051
157.1738 0.4655
157.8603 0.9569
159.3104 0
161.1094 0
162.1546 0
163.0104 0
163.0644 1.1506
163.2165 1.6996
163.6309 2.2001
163.714 2.8587
164.2854 2.6859
164.4559 5.2488
165.0939 4.8507
165.1129 5.1554
165.2153 5.0766
165.2842 5.9637
167.9141 4.3374
168.6805 3.777
170.3011 2.6361
170.5124 2.4401
170.6158 2.543
172.6396 0.7977
173.1726 0.3125
173.8249 0.9153
174.8822 0
175.905 0
177.4732 0
178.4973 0
180.5241 0
180.9511 0
181.4902 0
181.6623 0.9256
182.6695 1.3379
184.3535 1.1751
184.6182 1.5419
184.7588 1.6064
184.8875 2.1916
185.3596 2.4843
187.286 1.9779
188.6699 3.8355
189.8315 2.7048
190.4132 3.0644
190.9409 2.6265
190.9732 2.9443
193.1808 1.2534
196.0002 0
196.2903 0.3298
196.2954 2.0844
198.6921 0
198.7666 1.4261
199.4236 1.2563
199.5474 1.2017
199.5621 3.1303
202.9097 0.4438
203.062 0.7421
203.3556 0.4534
204.6668 0
206.6488 0
209.0037 0.5917
209.3411 0.3009
209.5329 0.3657
210.7725 0
211.7694 0
212.2633 1.3627
213.7336 1.1066
214.4349 0.6833
217.9267 0
219.4198 0.6717
220.9237 0.1796
221.4246 0.1649
221.63 0.0293
222.2652 0.4855
223.7563 0
224.054 0.6132
225.8565 0
227.6032 0
227.6647 0.6615
227.8223 1.7975
227.9693 2.6997
228.3914 2.3334
230.3949 2.0166
230.7245 1.7037
232.6091 0.2727
232.6561 0.9291
233.3524 1.8048
234.8476 2.8465
237.6322 0.1086
237.7148 1.5892
237.8465 2.8909
239.3959 2.1672
240.1081 3.9007
240.6946 6.5872
241.2544 6.1104
242.4625 5.115
242.6804 5.7235
243.9801 5.5624
243.987 5.8284
243.9992 7.1881
247.8193 4.0374
248.3432 3.5724
248.9178 3.0674
249.3956 2.7188
249.7387 2.816
250.7769 2.0321
251.1181 6.2897
252.5188 5.4862
252.8072 5.2456
254.5986 4.5299
255.0651 4.8065
258.1054 2.5106
258.473 2.2298
258.6141 2.7103
259.0209 3.0213
260.3369 1.7145
260.4259 3.0191
260.9389 3.4543
261.4249 4.6847
264.0097 2.749
264.7007 4.4306
265.1964 4.9679
265.7012 5.3751
266.4894 4.6901
266.8713 5.0197
268.3663 3.7003
268.6037 3.5777
269.2039 3.2925
270.2401 3.4694
272.9946 0.8506
273.5121 0.9959
273.6381 1.1489
275.2595 0.7101
275.673 2.3528
276.17 2.9028
276.3984 2.8734
277.5516 1.9711
278.1309 2.9239
279.7095 4.4671
281.2176 4.0151
-1 0
0.2259 0
1.7334 0
1.7799 0.9855
2.0613 0.877
2.5811 0.4047
2.7241 0.419
3.0148 0.7322
3.8558 0.1915
3.9862 1.9529
4.4677 3.4345
4.9053 3.0227
7.5964 0.6599
8.4805 0.5112
10.0529 0
10.7968 0.1648
11.2003 0.9994
11.4675 1.3224
11.5981 3.0074
12.1835 2.4417
12.23 2.7315
12.4689 3.2941
14.067 1.8346
16.1866 1.368
16.5429 1.1643
17.05 2.1085
17.19 2.4918
17.3308 2.4201
19.2701 2.88
19.5358 3.431
20.6126 5.3458
20.7883 5.9729
21.4387 5.984
22.3973 5.5613
23.0662 5.1819
23.0763 5.418
23.8897 5.3171
25.9416 3.3052
26.51 7.8683
29.7137 6.8463
30.0551 8.2525
33.25 5.1486
33.4414 6.1494
34.6252 5.4346
34.7449 5.7312
35.6176 5.086
36.2302 4.8144
37.9851 6.2136
39.236 6.1942
39.5123 9.0282
40.2178 9.4716
45.9831 4.068
47.0659 3.6155
47.8262 4.6639
47.8404 5.6631
47.9023 6.2078
48.506 7.002
48.681 8.1824
50.8323 8.02
51.2867 8.6777
51.2976 9.0864
53.4147 8.159
56.5518 5.3292
56.7591 5.4902
56.9422 5.404
57.1101 12.1575
58.3995 11.2195
61.1646 8.9084
62.8607 10.0873
62.9956 10.183
63.7616 9.6888
64.0717 10.0488
64.2024 13.0038
65.2067 12.6349
65.4764 12.4768
65.5216 12.7016
65.842 13.0934
65.9175 13.8159
67.7359 12.6926
70.5529 10.0826
72.3933 9.3964
73.5173 8.3612
75.8049 6.83
77.0093 5.9498
77.7706 6.4954
80.556 4.0834
80.8256 4.0239
81.471 3.6146
83.3788 2.2859
84.7261 1.2664
87.622 0
88.3355 1.1052
89.4291 0.0901
90.6054 0
91.914 0
93.3369 0
94.7649 0
94.9848 0
95.1564 0.2072
96.3717 0
96.4885 0.7692
97.2446 0.4914
97.3362 0.8245
98.5474 1.2098
98.9244 1.1996
99.7554 0.6236
100.9116 0
101.6955 0.4289
101.8769 0.309
101.9514 4.098
102.9062 4.1939
104.0083 4.5845
104.2888 6.5255
104.7388 6.7189
107.1422 5.5076
107.2784 5.9338
107.8007 5.4462
110.5834 3.0333
111.5269 2.0928
113.1856 2.1479
113.6486 1.77
113.7292 3.1727
114.9169 3.2857
115.6678 2.6626
116.2609 2.4601
119.9216 0
120.0515 0.4937
120.1803 0.691
120.3131 3.8383
120.3245 4.7011
121.61 4.6108
122.0651 4.3781
122.6034 4.9803
122.9493 4.6866
123.8329 4.5721
124.1022 4.7489
124.3537 4.6275
124.8122 5.8529
125.0071 5.889
125.6042 6.9311
127.4503 7.3681
127.7769 7.1877
128.1153 7.7505
128.6208 8.3495
130.1886 6.8708
130.3746 7.0801
130.3916 8.617
130.5804 9.3747
131.619 8.8158
132.1392 9.0177
132.406 9.3558
133.164 9.9854
133.2477 10.1455
134.4375 9.2021
135.8163 8.5742
137.2632 9.4871
137.6608 9.265
140.9985 5.9756
141.8942 7.0633
141.9449 7.1783
142.1863 7.8985
144.3944 5.9177
146.6029 5.4407
148.1269 4.9467
148.2668 5.3855
149.5249 5.6644
149.6665 6.6657
149.7617 6.7551
149.8556 7.4706
150.1762 7.3524
151.0778 6.6958
151.382 9.5345
151.7299 10.2935
155.7321 6.4984
158.6941 3.9288
161.4828 1.6606
161.5455 4.7891
165.1747 2.5808
166.2226 2.2584
167.3408 1.7778
168.7911 0.4149
169.9879 0
172.9376 0
173.3096 2.3279
174.5701 1.206
175.3532 1.0065
175.818 0.6002
175.8596 1.3692
177.1324 0.5807
177.7096 1.3471
179.019 0.8221
179.1546 1.3671
179.9695 2.6797
181.3768 1.8341
181.5223 2.5561
183.6255 0.8647
185.768 0.2959
187.3179 0
188.8996 0
191.0913 0
191.092 0.953
191.4724 0.9007
193.3902 0
193.3908 0.5068
194.2884 2.5181
194.9905 2.1045
195.0783 5.2296
195.5062 5.1589
196.8445 4.3648
197.7168 3.8161
199.145 2.9335
200.1309 2.577
200.6945 2.3829
201.5609 3.1036
201.6188 5.1337
201.8949 5.4136
201.9873 5.6865
205.253 4.7699
205.6369 5.3288
206.8295 4.158
207 4.5399
207.2519 4.3306
207.4843 4.382
207.7013 5.4303
208.7759 4.7616
210.3232 4.0089
210.5147 5.0367
214.5036 1.3539
215.0155 3.1934
215.769 6.9288
215.7841 6.963
218.4145 4.5757
220.8272 5.3672
222.5929 4.3152
222.782 6.9435
224.7861 5.1135
225.5094 4.4533
226.2975 5.865
228.733 3.8274
230.9358 1.7839
231.3127 2.6941
232.2202 3.9314
232.8022 3.5111
232.903 4.4793
233.2876 4.2842
233.4141 4.8289
233.8559 4.4589
234.2478 5.3517
235.5053 5.94
236.5602 5.2689
236.5862 6.2393
240.3126 3.0215
241.5268 1.996
241.6843 5.1634
243.2675 4.1675
245.7298 3.052
245.8387 2.9648
246.4043 6.4293
246.4534 6.5257
247.237 6.0625
251.6415 2.2041
251.7867 3.1075
252.3968 3.31
253.8361 2.3706
253.9849 3.8678
255.7825 2.0787
255.8634 3.2881
258.4462 1.0117
260.6002 0
261.2737 0.7207
262.6734 0.3872
264.4507 1.6655
265.562 0.634
265.5892 0.7499
265.8544 2.8188
265.9055 3.0077
267.5482 1.6448
268.2866 1.4804
268.7314 1.6383
270.1408 2.1678
270.7632 1.8187
271.4567 1.5639
271.6024 1.8022
274.3197 0.1498
274.3558 0.5875
274.5098 1.5939
275.5488 0.9454
276.9517 0.5633
278.3251 0
279.619 0
281.1285 0
283.5633 0
283.7536 0.3025
285.9554 0
286.9464 0.0038
288.6233 0
288.6504 0.0334
290.5567 0
291.9109 0.2993
292.157 1.5713
293.2946 0.5071
-1 0
0.5953 0
0.9423 0.298
1.8481 0
2.08 1.5833
2.7361 0.999
2.749 1.1768
3.4795 0.5971
3.7928 0.3159
5.1963 0
5.2767 0.155
6.1745 0
7.1989 0
7.3096 1.6803
9.945 0
10.5008 0.1821
10.8592 0
12.1464 1.1227
12.1489 2.0246
14.042 0.1786
14.1349 0.2526
14.9314 0
15.7928 0
17.6147 0
17.7229 0
18.8792 0
19.1871 1.2848
19.6104 3.0439
19.984 3.9585
20.6822 5.3737
22.1409 6.029
23.3598 5.2223
23.3992 6.9298
23.4534 7.0422
25.3945 5.4409
26.2697 5.3764
26.9409 6.7262
27.4816 8.0536
27.8458 7.7639
29.5437 6.7526
29.9051 6.7757
30.5047 6.2749
30.8833 6.6109
31.3563 6.9156
34.3865 4.2265
35.2209 4.9026
36.239 5.0322
36.9764 6.4094
37.0454 7.5086
37.7881 7.2323
38.088 7.2956
39.3524 6.3447
39.9898 6.2453
40.7665 6.904
41.4741 6.7438
43.3957 5.4056
44.0455 4.8085
44.2998 5.0561
44.3954 5.6668
44.7695 5.7035
44.9536 6.7657
45.5535 6.8984
46.0943 12.4114
46.1561 12.6849
46.3471 12.8139
46.6378 13.09
47.2674 16.2067
47.7289 15.8272
48.1399 15.6785
48.8567 15.1741
49.2138 18.1503
50.8816 17.5447
51.2822 17.2181
51.3505 19.1491
54.3318 16.3241
54.6443 16.5274
55.0221 16.3817
55.3628 16.9802
56.0543 18.3117
56.0627 18.7873
56.9114 18.4989
59.5792 16.4146
60.1195 16.6793
60.9742 15.8291
62.2273 15.0364
65.2827 12.9473
65.5543 13.7066
66.082 13.6523
67.1615 13.9911
69.6488 12.5122
71.122 15.741
71.9477 15.6397
73.9124 13.7156
74.5009 13.6444
78.4611 10.6448
79.9798 9.4283
81.3083 8.3228
82.944 6.9446
85.2577 4.9506
86.5901 3.9172
86.687 4.4521
87.7336 3.6135
89.4934 3.2572
92.683 1.5747
92.7915 1.5927
93.2684 1.1517
94.1629 0.3759
95.6221 0.039
95.6514 1.7387
95.6546 2.3729
95.7817 2.8176
96.0602 4.2179
96.3383 5.1063
97.8608 3.5935
98.6045 6.3564
98.7106 7.279
100.3086 6.6412
100.7598 7.4251
100.7832 9.2977
104.0768 7.1707
104.0873 8.1802
105.7727 7.9796
109.227 4.888
110.1132 4.0071
110.4365 5.3453
110.5571 7.1487
114.1718 4.3452
114.7098 5.4771
115.0624 5.3037
117.7183 2.7854
118.9718 1.8429
119.3605 3.0169
120.1614 2.258
120.4472 2.254
121.7609 2.4762
121.8138 2.7673
125.7858 1.7964
125.7953 2.2981
126.751 2.0213
126.8212 2.76
128.822 1.0236
130.3817 0
131.4834 0
131.661 0.2897
132.1666 0
133.5939 0
137.5442 0
139.1613 0
139.8546 0.4467
140.4202 0.2443
141.0638 0
143.8971 0
144.0371 0.6772
146.1106 3.4772
146.5327 4.8155
147.5865 5.8097
148.7571 5.4696
149.506 5.0089
150.1739 4.4081
150.2737 5.0996
150.7129 5.2527
152.0128 7.0458
153.9934 5.3178
154.3287 5.1198
154.3891 5.2507
154.9883 5.0382
155.5794 5.3788
157.6277 5.1337
158.4693 4.3603
161.5395 2.6662
162.9398 1.8569
163.127 2.7514
163.2685 2.724
163.2794 3.6226
163.3709 3.9497
165.1509 2.5483
167.8975 0.2431
168.0477 0.364
168.6145 0
168.6886 0.0952
168.8586 0.0412
170.4167 2.1178
170.6035 2.5794
170.7396 3.4877
172.3062 2.7322
172.3867 2.792
172.44 2.754
172.5951 2.7557
173.6488 2.1689
175.101 0.8083
176.7047 0.9937
177.0048 1.7005
177.734 1.2488
179.2493 1.2162
179.4688 1.6015
179.5981 2.7652
181.27 1.5247
182.3421 1.5059
184.0165 0.5082
185.3214 0.9313
185.4022 1.5144
188.4423 0
189.1089 0
189.2687 2.1285
189.3516 2.9034
190.3263 3.1955
190.7426 3.0794
190.7949 3.1562
192.1498 3.8516
192.3528 5.0157
192.66 4.7905
196.7032 0.9523
197.1559 2.2067
198.028 3.2935
198.5814 3.4596
199.9453 2.1695
199.9509 8.3348
200.4844 8.8538
200.4931 9.1792
201.881 8.5891
208.7657 2.1725
210.0615 1.235
211.5464 0.7885
211.7791 0.9154
212.4396 1.2001
212.8536 2.2472
214.0214 2.2552
214.3428 1.9934
215.8168 1.2845
216.29 0.9272
217.2126 1.0176
217.6236 2.8938
218.0507 2.6054
218.599 6.8122
218.7773 6.9976
219.1898 7.9174
219.2613 8.443
221.1275 6.7162
222.3695 5.4997
224.8251 3.3549
226.6826 1.5667
227.4277 1.4072
227.7638 1.8941
228.6337 1.0313
229.1383 0.978
229.2326 0.9521
230.2793 0.1368
233.4877 0
237.0478 0
237.1304 0.2745
237.5383 0.0798
238.1191 0
238.228 0
238.6661 3.8873
238.9845 3.7274
239.017 5.5064
239.7936 6.0695
241.4315 7.0176
241.5479 7.3616
242.13 7.4217
242.298 7.9531
243.2008 7.4402
244.3754 8.2505
245.5363 7.0919
245.9132 8.3874
247.8176 6.6418
248.3026 6.3333
248.5782 7.176
251.7423 4.1255
252.3174 3.572
254.1573 4.1984
254.7564 4.3755
255.184 4.5792
255.3376 4.4834
256.9157 5.1075
256.9756 5.0619
257.572 4.8173
258.6523 4.0023
259.6405 3.8749
259.8675 3.6621
261.2943 2.4811
263.1967 0.5837
263.5684 2.6722
264.539 2.5738
265.5396 3.6302
265.58 4.0264
266.1138 4.1659
266.1632 4.3668
266.5935 4.0903
269.2651 1.5859
270.1214 0.9382
271.6925 0.935
272.1454 0.5036
275.055 0
278.2318 0
279.567 0
280.1741 0
281.5301 1.3491
282.4791 1.046
285.0262 0.0183
285.5692 0
-1 0
2.7868 0
3.3874 0
6.333 0
7.9856 0
9.2083 0.4051
9.8858 0.5476
12.1722 0
12.6541 0.1187
12.705 0.535
13.4205 0.0029
13.667 0
14.7123 0.2975
15.5617 0.1239
16.1993 0.809
16.7445 0.4667
17.1597 2.896
17.9892 4.3113
19.601 3.2849
23.6291 0
27.3668 0
27.5237 0.5323
28.7535 0
29.2311 0.3995
30.7764 0
31.888 0.3852
31.945 1.1988
32.0398 1.3627
32.1013 1.303
33.5567 0
33.6128 0.3188
36.1905 0
36.7733 0
37.4648 0
37.7943 0
38.3327 0.8493
38.6679 0.7332
40.1719 0
40.4442 0.1405
40.9718 0.9886
41.6542 1.4392
42.7746 0.564
43.1635 0.3899
45.9776 0
47.3664 0
47.9691 1.0426
50.1901 0
50.4761 0.6596
52.5999 0
53.3742 0
54.6978 0
54.7009 0.2259
57.1998 1.7451
57.5645 1.6745
57.6257 1.9119
57.8976 1.7864
60.709 0
61.44 0
61.7339 1.012
63.5361 0
64.016 0
64.3765 1.3921
66.5738 0
69.8406 0
70.3516 1.8483
70.9365 1.3333
71.0689 2.6295
73.0928 1.0895
73.3187 0.9752
73.9436 0.6502
75.9226 0
76.1566 2.7699
76.3482 3.3036
76.3917 3.6535
77.8998 2.3946
77.9797 2.6136
78.74 2.5443
79.0314 2.5976
80.3688 2.2815
80.7041 3.247
81.6829 2.6816
82.3994 2.4575
83.9465 0.9862
84.6948 2.306
85.0485 2.9381
86.1885 2.2602
87.8962 0.9572
89.3188 0
89.4187 0.19
90.1979 0
92.8012 0
92.8456 0
94.6064 2.2622
96.399 0.499
98.6472 0
99.5005 1.038
101.2719 0
102.8368 0
103.7635 0.6825
104.427 0.5938
105.468 0.7152
105.6984 2.7475
106.1954 2.9655
107.3771 2.5044
107.9285 2.1661
108.6947 2.1575
109.1107 2.7408
109.5428 2.4956
109.7227 4.1782
110.8762 5.3028
112.8118 3.7126
113.7163 3.2703
114.1365 3.658
114.2938 4.1137
116.8523 2.2259
119.3258 0.783
119.3515 1.1957
119.9349 1.9399
120.4202 2.3897
121.4131 1.7083
121.5228 1.7824
122.2376 2.6184
122.8921 2.2834
123.1725 2.3728
123.4353 2.2825
124.4205 1.3547
125.4545 2.1163
126.8706 1.7898
131.5138 0
133.9868 0
134.4667 0
136.1271 2.0623
137.3767 0.9703
137.4606 2.4452
137.7031 3.7469
138.3411 5.4756
138.9592 5.3261
139.0909 5.9504
139.6226 5.6099
139.7179 6.963
140.5359 6.8937
141.5665 6.1979
142.2124 5.6285
142.8403 5.4694
142.9318 5.5809
146.5035 4.2112
147.9784 3.0279
148.8211 2.3302
149.5714 1.847
150.0971 1.3701
151.204 0.5207
151.4074 0.4551
153.3126 0
153.6317 0
153.7504 0
155.2122 0
155.7471 0
156.6789 0
158.4923 0
158.8046 0
159.5188 0
159.9426 0
160.735 0
163.3075 0
163.913 0.1082
164.0935 0.3471
164.4425 0.2241
166.0331 0
166.6676 0
169.2659 0
169.9443 0
170.5882 0.4304
170.862 0.4316
171.783 0.6166
174.5415 0
175.8921 0
178.7494 0
180.5757 0
182.1043 0
184.3098 0
184.85 0
185.8737 0
185.8767 0.6896
186.2849 0.4326
187.0923 0.2924
187.9303 0.0921
188.5346 1.0734
189.8721 3.2316
192.351 2.5925
193.1766 2.2306
194.3725 4.9599
196.2532 4.9627
196.6428 5.7822
196.7792 5.7094
197.0773 5.455
199.2997 3.8648
199.3439 4.0355
201.9147 6.7024
202.1386 9.4745
203.2584 9.1964
203.7963 9.112
205.813 7.1374
206.1908 6.8006
207.4227 6.0126
208.0207 6.171
208.1952 7.6194
208.5687 7.3197
209.3161 7.2333
211.5343 6.4467
211.9571 9.8049
212.8799 9.5158
212.8821 9.7603
215.0114 7.8929
218.7983 4.5005
221.708 2.9673
221.9437 3.3353
223.2605 2.0498
223.7858 2.2114
224.5203 2.1629
225.4812 1.4449
227.6902 0
227.7092 0.716
228.1035 1.9883
228.1409 2.187
231.2464 1.171
235.1962 0
235.6264 6.2539
236.2365 8.2937
236.3367 8.8481
237.0852 8.116
237.2668 8.1998
242.2162 4.2992
242.4884 9.1137
243.2715 11.2034
243.8255 10.6777
245.869 8.6543
246.8958 9.4642
247.9967 8.5389
248.1274 8.7706
248.4402 9.078
248.9885 9.9162
249.8415 9.1322
253.0586 6.215
253.1519 6.5984
254.8534 8.0951
255.6032 8.8036
256.2478 8.1763
256.5903 8.3431
256.7518 8.8408
257.2171 9.9945
257.2868 11.5756
257.4339 12.4504
258.761 11.3803
259.3239 10.8902
259.6366 10.6697
262.4234 10.8778
263.9381 9.5152
265.6834 7.8253
266.0618 7.5261
266.7581 8.4826
268.9338 8.4532
271.1869 7.947
273.9934 5.2416
275.9768 4.5059
276.5239 6.7661
277.1902 6.1971
277.5866 6.1705
277.7909 6.3299
283.7213 3.4013
283.8364 3.4394
284.8354 2.955
285.54 4.5953
286.4883 3.9211
286.5821 4.1615
289.8286 1.377
290.014 1.2171
290.6465 2.373
291.3759 2.4088
291.7731 2.6779
291.9634 2.6249
294.1867 1.4473
295.0621 1.9746
295.9668 1.8882
296.2456 2.3374
298.1021 0.4901
300.743 0
301.9154 0
302.8013 0
303.6426 2.3374
304.0318 2.5373
304.1213 3.4281
304.5052 4.0672
305.116 4.222
305.827 3.8211
306.4894 3.5543
307.2756 3.3828
307.5889 5.5644
310.2009 6.0301
310.2517 7.4269
311.0747 7.2795
313.3893 7.2271
-1 0
1.6067 0
2.0981 2.7167
2.3713 2.5227
8.8122 0
9.9552 0
9.983 0.979
10.1619 1.574
12.2917 1.1454
12.306 2.3715
13.2331 1.814
15.142 0.6104
15.7381 0.8067
16.3351 1.1049
16.4813 1.3974
17.4289 1.113
17.6998 1.4482
19.3563 0
19.9161 0
21.5005 0
21.5639 0.1473
21.7791 0.0401
22.7388 0.2747
22.8191 4.1003
23.1035 4.4382
24.144 3.4574
24.3023 4.9265
24.3764 5.3856
25.2467 7.2184
26.4798 6.0777
28.66 5.413
29.3684 5.3865
29.371 7.0919
29.676 7.0522
29.7304 8.337
29.8639 8.3571
31.0251 7.359
31.433 7.3134
33.2528 7.6756
33.846 8.1615
34.3227 10.0888
34.3557 11.7897
34.9156 16.266
34.9522 17.8269
39.1478 14.0505
39.2708 15.8794
39.6832 16.8487
41.0194 16.545
41.0443 18.7545
41.3554 18.5784
41.4063 18.8139
43.1656 17.451
45.2463 15.5037
46.3236 14.6908
47.9806 13.4329
48.9357 14.3467
49.7065 14.054
50.2283 14.4966
50.5424 14.316
53.0281 12.7661
53.5533 15.8081
53.6255 16.287
55.4151 15.3314
55.6094 15.4138
57.7058 13.75
57.8721 13.8746
58.5009 14.0217
60.7735 14.866
61.7756 14.3078
63.707 13.0738
64.1421 13.72
65.0796 14.1579
65.5703 13.808
65.6949 14.1393
67.8393 12.2419
68.2791 14.2439
68.9519 14.3719
69.9313 13.5429
70.3502 13.2981
71.0072 13.4605
71.1022 13.4453
71.1691 14.3536
71.9084 14.8568
71.9246 14.8718
72.2215 15.0972
72.2471 15.1968
73.4499 15.6649
74.4301 17.4453
76.4224 15.7461
77.3505 15.0313
78.4802 15.0995
80.3304 13.4741
80.7189 16.5062
80.9733 17.0532
81.1049 16.9734
81.8032 17.0166
81.9909 17.1398
82.9932 16.6808
83.4615 16.9779
83.7591 16.9455
83.7787 18.2221
84.2716 17.7698
85.9001 18.0198
86.1352 18.3291
88.0122 17.6273
90.6015 16.2768
91.4878 15.9786
91.5249 15.9578
93.0323 14.8545
93.256 17.4678
93.3245 17.5636
94.6031 16.36
94.6388 16.7575
94.7475 17.5836
95.3728 18.1354
95.4546 18.261
95.9815 18.9162
97.0047 18.1819
97.7174 17.5389
99.9257 15.3904
100.1524 15.3771
100.5099 15.228
100.5283 15.6996
102.7197 13.9901
103.7323 14.5402
105.3684 13.7224
106.8018 13.0164
107.7624 12.1789
109.0501 12.3349
110.9839 11.7786
113.0993 9.8247
113.3378 9.7203
114.5419 8.7559
115.4949 7.8828
116.3766 7.5869
116.3875 8.6568
119.8254 5.6437
122.1778 3.8198
122.735 3.3053
123.7078 2.5699
123.7603 4.0712
124.8461 3.0483
125.5059 3.2103
125.6336 3.4583
126.4867 3.205
128.8045 0.9222
129.2183 1.3669
129.8864 3.6885
131.5538 2.5895
131.866 2.6295
133.418 1.5694
134.7586 1.0584
134.9245 3.4428
135.204 4.069
135.883 3.7611
136.1614 3.8572
136.2036 6.2337
136.4732 7.9598
136.5722 9.4539
136.7769 9.3891
137.4168 9.3661
140.3416 7.5335
141.4462 6.8479
141.889 7.4914
143.4004 7.0965
143.547 9.4993
146.2405 7.0824
147.8419 5.6228
148.2457 5.8082
148.5724 8.6247
149.3589 8.0985
149.6543 8.2662
149.9302 8.7582
150.3317 11.755
150.3567 13.7434
151.1373 13.0538
152.1708 14.4647
152.4752 15.2543
152.4911 15.6479
154.3588 14.7574
154.4268 14.8442
156.0124 14.7984
160.0503 12.3032
160.941 12.2338
161.3765 11.9701
161.5905 12.6703
162.9049 11.6802
165.5576 9.1031
167.6445 7.042
167.7561 7.562
168.0344 7.7369
168.1977 7.8853
168.8596 9.4945
169.9052 8.9316
170.6085 8.7178
171.0265 8.3115
172.9984 6.3594
173.3097 7.6637
174.5461 7.2795
174.8554 7.6265
175.1864 7.6469
176.1975 7.516
176.7355 7.0273
177.135 6.697
177.3428 10.8401
178.0213 11.1383
178.7565 10.8658
178.9894 11.9314
182.66 8.2731
183.6371 7.7673
183.6661 8.5096
184.3319 9.7359
185.1949 9.9457
185.619 11.6694
185.913 11.8428
186.0666 12.9671
187.0436 13.8799
187.6121 14.2856
189.0241 15.0159
190.9686 13.449
191.8307 14.1265
193.7078 13.1151
194.7995 13.2338
197.5212 15.1541
198.3377 14.6571
199.0535 14.1124
200.1984 13.7707
203.0902 11.8249
203.3401 14.0484
204.0432 13.3734
206.0291 11.4947
206.2707 11.765
208.9726 9.4214
210.446 9.1085
210.5595 11.6111
212.6349 10.0411
214.1537 9.8187
214.5579 9.7723
215.4351 11.2467
216.5017 10.5129
216.7885 10.5279
217.1134 10.4899
217.5818 10.3029
218.9634 10.0123
220.3676 10.5318
222.2297 9.2732
222.3997 10.886
224.8273 10.9378
225.5474 10.8608
225.9182 10.5388
227.928 8.8316
229.787 7.11
229.8163 7.8493
230.0083 9.5899
230.894 9.5564
232.0515 8.4792
232.9118 8.2029
233.4664 8.2932
234.1077 9.0142
234.281 13.5879
235.6889 12.8871
236.3006 13.1535
236.511 13.0667
236.8627 13.2299
238.7961 12.1354
240.179 11.1059
240.3409 13.4294
241.0661 13.0835
241.4179 12.7434
241.5136 13.1632
241.9491 13.7083
242.2941 15.565
242.7313 15.2723
243.2749 16.3346
244.8472 15.4256
245.0351 15.4025
248.9117 12.8165
248.9492 13.0051
251.2936 11.3281
252.1535 11.1252
252.1959 11.2309
253.3823 10.2172
253.6569 10.3834
253.9005 10.3723
255.171 9.4521
255.7976 8.9999
256.8265 8.3352
257.3219 9.1366
258.2286 10.1256
258.2657 11.5928
258.283 11.7846
261.8741 8.5346
264.3337 7.4213
264.4661 9.3799
264.5473 9.361
266.1759 10.3147
266.2701 10.5413
266.512 10.8506
267.8589 12.3062
268.0523 12.3965
269.0853 12.7412
-1 0
0.6008 0
0.7942 0.2222
1.545 0
8.6777 0
8.9251 2.2421
10.3324 0.9264
11.3024 2.386
13.6829 0.8824
13.7412 0.9741
14.7703 1.0645
16.9166 0
16.9635 0.2585
23.0643 0
24.3033 0
26.5479 0
28.3229 0
28.3452 0.7637
30.2674 0.728
32.086 0
33.5488 0
34.0034 0
35.7463 0
36.7245 0
38.6722 0
40.0509 1.5171
40.4451 2.7522
41.6006 2.1134
41.7238 2.7649
41.905 2.9494
42.174 3.3626
44.5559 2.356
46.0448 1.2947
46.8001 0.7182
49.5013 0
52.1898 0
54.9264 0
55.36 0
60.3772 0
61.3291 0
62.4151 0
62.5616 0.4903
62.6363 1.1714
63.243 0.6795
63.7877 0.4868
65.2859 0
65.6435 1.4663
67.8222 0.1858
67.854 0.286
68.4247 0.3361
69.013 0
69.8202 3.2629
71.3033 2.3097
71.9649 3.9576
73.4756 4.2017
75.2935 2.8816
76.5708 2.1012
76.6654 2.0656
77.3835 2.9436
77.8975 3.4501
77.8987 3.5005
78.0504 4.1297
78.5267 3.8731
80.6106 2.9308
80.9853 2.5764
81.1572 2.4379
81.5668 2.2876
81.8394 2.1498
82.3799 3.3553
82.5326 4.4097
82.6511 6.4262
83.715 5.6729
83.877 5.6007
84.3481 5.3514
85.6472 4.862
88.7687 2.1627
88.8466 2.1948
91.3214 1.0376
91.5503 3.2602
92.0378 2.7943
92.0681 4.0524
92.3662 4.9956
92.6448 6.8431
97.504 2.0112
99.24 0.7902
101.7267 0.0345
103.7012 0
105.7273 0
107.8584 0
109.011 0
110.9629 0
117.4351 0
118.3459 0
119.4143 0
119.8869 0.4759
121.1721 0.2281
121.8745 0.4585
121.9041 0.4911
122.9142 0
124.8557 0
125.1 0
128.9799 0
129.3171 0
129.7105 0
130.128 0
132.3039 0
132.9332 0
134.2546 0
134.2673 3.0036
134.3154 3.8587
134.3411 4.0007
136.2135 3.0858
137.4434 3.8186
138.206 3.9232
138.444 4.0027
138.7753 4.0471
139.9091 3.8541
140.894 3.6832
141.841 2.8565
142.9594 1.7694
145.2281 0.3658
145.3653 1.0787
145.5362 0.9428
145.5628 1.1867
147.8016 0
148.1241 0.5038
149.092 0
149.6343 1.4238
152.3836 0
153.0871 0
154.1254 0.3713
155.8179 0
156.609 0
156.7633 0.1732
158.143 0.4057
158.1769 0.5701
158.3987 0.5994
159.1223 0.6829
160.4192 1.6761
161.8997 2.2758
162.3849 1.8706
162.3971 2.3923
163.187 3.4686
163.9225 4.6607
164.1232 4.7108
164.7958 4.2774
164.8767 4.5204
164.9203 5.1186
165.3976 5.6187
165.6753 5.9645
167.3528 4.5703
167.6443 5.7565
168.0263 9.0077
171.0887 7.5011
171.1681 8.0763
176.2488 4.6699
177.2874 3.9173
178.0059 4.6905
178.3124 5.013
179.4335 4.487
179.6426 4.7977
180.5623 4.6919
181.5654 4.6941
181.6788 5.6144
182.3979 6.6027
186.3924 2.7783
186.6939 2.612
191.3199 0
192.2516 0
194.5167 0
195.4188 0.2037
195.6388 1.0115
197.0797 0
197.2664 1.6368
197.5366 1.4982
197.74 1.7052
198.6021 1.1689
200.4271 1.6521
200.5405 2.8394
201.3378 3.1119
202.2246 2.4119
203.3249 1.3953
203.8601 2.4523
206.4342 0.1694
212.9952 0
214.1142 0.4136
216.5151 0
217.1319 0
217.2097 0.9511
217.4035 2.1834
219.2717 0.6866
219.3204 0.8662
219.3501 1.5169
219.9874 1.0734
220.8522 0.5597
221.2489 0.9846
222.2206 1.2132
222.8797 1.119
223.2615 0.8468
224.0748 0.2739
224.9116 0.6352
226.0706 0
228.4244 0
229.8883 0
232.2835 0
232.5164 0.3382
233.0351 0.5644
235.9628 0
236.5335 0
237.4563 0.3052
237.9591 2.2451
238.9423 1.7171
239.6774 1.1831
240.4811 1.0078
241.4042 0.0957
241.5492 0.6065
241.6749 2.0741
242.6736 1.6091
242.6992 1.6573
244.1779 0.8774
245.0638 0
245.6869 0
246.0636 0
246.4044 0.5438
246.8403 1.4315
248.1651 0.3283
251 0
251.3212 0
252.9568 0
253.2149 1.0358
254.5296 1.4124
254.9131 1.7198
255.8177 1.8207
256.3817 2.2988
257.088 2.2251
258.1522 2.5287
260.4664 0.9847
261.4762 0.1667
261.6975 0.8246
262.9253 0
265.1701 0
265.3887 0.6008
266.3099 0.0775
268.1181 0
269.2777 0.392
271.806 0
273.1692 0
273.5925 0
274.1374 0
274.3905 0
274.5877 0.7451
276.6278 0
278.156 0
279.5958 0
279.9645 0.3444
280.4235 0.9276
281.6508 0
282.0883 0
283.9466 0
286.9157 0
288.1791 0
289.2035 0
290.8586 0
293.1966 0
294.6203 1.5713
294.9547 1.5265
296.0967 0.7652
296.7454 2.0054
296.9272 4.21
297.7792 3.7175
298.8928 7.6649
298.901 8.3056
298.9148 8.8367
300.6412 7.5481
300.9887 8.5026
301.1307 8.8049
303.5923 6.9519
306.0472 4.8266
307.4206 3.9971
308.6954 2.7942
310.0701 2.1318
311.0914 5.0777
313.271 3.1039
315.8509 2.3778
315.9926 3.2642
316.3138 4.2096
316.6307 8.401
316.9622 8.8879
317.0523 9.6865
319.8647 7.0318
320.6061 8.1712
320.797 10.6388
324.0129 9.6158
328.7929 5.1349
331.8306 3.0436
332.9931 1.8935
333.3194 2.0953
334.4193 1.8568
334.7901 2.5675
335.5665 2.0802
335.6711 1.978
-1 0
0.684 0
1.3096 1.0037
2.5798 0.3933
2.9099 0.6804
4.6778 0
7.365 0
7.3801 0.8355
10.5759 0
10.5983 0.0988
12.0552 0
12.6436 0
12.6472 2.2046
13.9982 1.6883
15.0642 0.9416
15.1077 1.5007
15.4847 3.7869
17.3789 2.6226
17.7606 2.4943
18.3386 2.0327
19.7199 1.2673
20.2104 1.2648
21.6167 0.8991
22.137 0.8318
24.9087 0
25.2287 1.3192
25.3328 2.162
27.8884 0.4138
28.0346 1.7594
28.1129 2.6521
28.3979 2.9604
29.0298 2.6868
29.1097 2.6375
29.2932 4.0897
29.7542 3.7093
30.0432 5.6737
30.3962 5.6621
31.8467 4.3475
32.4197 5.5327
32.83 5.3711
33.1633 5.1838
37.6815 0.9818
38.1391 1.4152
38.3953 1.2278
38.5628 1.8454
39.7354 1.6207
40.0732 1.6784
40.3815 2.7
42.7545 1.0244
43.4704 3.5403
43.5887 3.9112
44.3611 3.5268
45.882 2.5447
46.6555 3.45
47.1105 3.0571
47.4291 2.8111
48.7567 4.0384
49.1024 4.875
50.6124 6.069
52.6553 6.3274
52.9072 8.2903
53.2346 8.0174
53.5993 8.5318
53.6411 9.2178
54.012 10.5367
54.7394 11.4067
54.9842 14.0486
56.9939 13.1954
57.7066 16.6516
58.1975 18.0501
58.8341 18.3542
59.5885 19.4364
60.1057 19.229
62.0373 17.2993
63.048 16.8866
63.9876 16.1379
65.9687 16.7391
66.1271 19.1962
67.2355 19.6149
67.7471 20.8571
69.8318 19.6546
70.3197 19.718
70.4544 20.9785
71.0565 21.4863
72.4337 20.5657
74.3407 18.6684
74.699 18.6999
75.1144 18.3819
77.8928 16.0078
78.0627 16.3291
78.7209 16.9316
78.7958 17.3697
78.9424 18.2255
79.0527 19.5758
79.2518 19.4067
80.5623 19.4986
80.7308 20.1938
81.2906 24.6829
83.8655 26.3253
87.16 24.7751
89.5285 22.589
90.057 22.172
91.4203 20.8645
91.6271 22.1232
93.7047 21.8273
93.9767 23.4632
94.0726 24.1658
96.3059 23.7512
96.6601 24.4577
96.9154 24.411
98.736 23.3296
100.154 22.5611
100.4836 24.7616
101.6315 24.0479
102.7186 24.1598
103.5838 27.2159
104.6489 26.3357
104.8055 26.3854
106.3623 25.0025
108.5452 24.6015
114.3474 18.9476
115.8408 18.0603
115.9656 19.1853
116.2857 19.2968
116.9798 19.5057
117.1416 20.0035
118.6208 19.0328
121.5509 16.789
123.2036 15.7295
123.2146 16.0275
123.3674 16.1345
123.7333 17.0689
123.8286 17.0883
123.9042 17.091
123.9433 18.5542
124.5356 18.9753
124.8354 18.7932
126.7278 18.1486
129.1817 16.6074
129.497 16.503
130.448 15.7041
130.7504 15.9681
133.1813 13.6042
134.4777 13.7701
134.744 13.7164
135.5392 15.1007
138.8573 12.8074
141.5896 10.3885
142.8652 9.7155
143.5909 10.598
144.4986 10.3116
146.4885 9.3012
146.5348 9.6065
147.5127 8.8015
147.6259 9.1398
148.9577 8.7388
149.6843 8.3528
150.7929 7.581
151.8616 8.6352
151.9851 9.3634
153.6977 7.6785
153.7293 8.274
155.3502 7.5656
155.3879 7.8525
155.4875 8.1177
155.6078 8.4563
155.6662 12.1536
155.8085 13.7326
156.0847 13.489
157.1281 13.1181
158.9521 11.386
160.8688 9.9692
161.7282 9.608
162.4962 9.8749
162.7421 9.6486
163.4922 9.0214
163.4995 9.6334
163.6087 9.87
163.966 9.5175
165.0164 8.5323
166.0134 8.5108
166.4911 8.6602
166.8653 8.2905
167.542 9.0825
168.5894 8.7622
169.4525 9.3789
169.8607 9.2924
171.0143 8.6412
172.4906 8.1687
172.535 8.1578
173.0906 8.4432
174.2273 8.5012
174.423 10.5104
174.9323 10.4412
177.217 12.5383
178.787 11.2231
179.785 11.8378
181.3072 11.0349
181.4116 12.8017
181.7832 13.4011
182.2368 15.3247
183.2833 14.8405
184.1515 15.0357
185.1149 14.1261
185.9389 16.445
186.1835 16.9376
187.7147 15.5343
188.166 15.1435
188.9667 15.2162
189.2288 15.077
189.3004 15.1326
190.6584 15.4559
192.218 15.0606
192.8919 15.0146
192.9295 15.1733
193.8501 14.7526
194.4882 15.7161
195.6558 16.7281
197.5265 16.2486
198.2291 16.1664
198.3234 16.8222
198.5907 16.8697
198.8023 17.0232
201.7254 14.6142
202.2031 14.5225
203.1144 13.9566
204.5928 13.4691
205.4391 13.2721
205.7331 14.876
206.4525 14.5854
207.1351 13.9793
207.1617 14.6624
208.4345 14.4136
208.5299 15.1262
208.7276 15.2626
211.9601 13.0539
211.9898 14.8216
214.1908 14.2253
214.7108 14.5386
215.9878 14.0159
217.1391 13.9979
217.2363 14.5514
218.2756 13.5457
220.6024 12.2699
221.0986 11.9104
221.9619 11.5376
222.1359 11.3789
222.3289 13.6471
222.4727 15.0927
223.4469 14.4195
224.1475 14.8891
225.1914 14.4206
225.3981 16.5338
226.1241 16.942
226.26 18.8634
226.344 19.5576
227.6253 19.1814
228.0361 22.5531
228.1996 22.7278
228.365 25.5421
229.7655 24.9187
230.4449 27.0154
230.8949 28.1016
232.3274 27.4107
232.5884 27.2571
232.6581 27.5215
233.2649 27.2136
233.8068 27.3737
233.9237 28.3869
234.0609 31.0961
234.1876 31.3934
234.8285 30.9201
236.8188 29.0661
237.5767 28.3762
238.2377 27.7249
238.331 27.6358
244.5251 22.1132
244.5559 23.2717
245.5187 22.7508
245.9474 22.8725
247.1229 24.4348
249.224 23.1399
249.8128 22.65
250.6498 22.0407
251.1167 21.6009
251.7662 23.0188
252.4305 22.3833
253.6913 22.4075
254.1837 23.1014
256.7067 22.8094
257.012 22.7623
258.5688 23.7726
258.682 27.2193
259.5978 26.5516
259.8182 26.7733
262.602 26.2782
264.5859 26.1498
265.9423 25.0882
267.9863 23.2188
268.7061 23.4291
268.9841 23.9172
-1 0
